#Exudyn implicit second order time integration sensor output file
#measure Object number = 14
#OutputVariableType = Force
#simulation started = 2024-10-23,21:15:33
#columns contain: time, comma separated sensor values (e.g, x,y,z position coordinates)
#number of sensor values = 3
#Exudyn version = 1.9.0; Python3.11.8; Windows AVX2 FLOAT64
#
0,-946.5287058,-16222.73699,-0
0.05,-946.5287057,-16222.73699,-0
0.1,-946.5287057,-16222.73699,-0
0.15,-946.5287057,-16222.73699,-0
0.2,-946.5287057,-16222.73699,-0
0.25,-946.5287057,-16222.73699,-0
0.3,-946.5287057,-16222.73699,-0
0.35,-946.5287057,-16222.73699,-0
0.4,-946.5287057,-16222.73699,-0
0.45,-946.5287057,-16222.73699,-0
0.5,-323.157483,-5538.653721,-0
0.55,-1067.12811,-18305.29385,-0
0.6,-863.395835,-14836.47194,-0
0.65,-940.5390341,-16196.85048,-0
0.7,-929.2158147,-16044.75109,-0
0.75,-934.0434188,-16179.53174,2.21662094e-33
0.8,-926.781969,-16113.40533,1.291172789e-31
0.85,-923.8053515,-16129.98595,1.16216481e-31
0.9,-920.1386357,-16143.16924,1.159410665e-31
0.95,-915.6429893,-16150.57956,1.139687972e-31
1,-910.5436285,-16156.23909,1.168815096e-31
1.05,-904.9957676,-16163.00739,1.169637944e-31
1.1,-898.8682597,-16168.67316,1.166771258e-31
1.15,-892.1804084,-16173.69253,1.165540113e-31
1.2,-884.937189,-16178.27545,1.166608976e-31
1.25,-1414.029027,-26087.35102,1.884361158e-31
1.3,-80.10854449,-1478.161607,1.067752085e-32
1.35,-1604.396132,-29620.81838,2.139903047e-31
1.4,-358.6404182,-6616.830975,4.779561596e-32
1.45,-1205.876291,-22260.3646,1.608118829e-31
1.5,-706.1196157,-13030.14631,9.412465808e-32
1.55,-956.5887733,-17655.64119,1.275425479e-31
1.6,-845.0904305,-15596.20956,1.12663224e-31
1.65,-884.8889714,-16331.32615,1.179744414e-31
1.7,-869.6554502,-16049.91863,1.159412287e-31
1.75,-871.3656936,-16081.53732,1.161697155e-31
1.8,-869.198192,-16041.49185,1.15880373e-31
1.85,-867.0849822,-16002.47074,1.155984626e-31
1.9,-865.5583395,-15974.27394,1.153947432e-31
1.95,-863.5035468,-15936.32637,1.151205812e-31
2,-1407.100934,-25968.54165,1.875909846e-31
2.05,-745.309275,-13668.94539,9.861438885e-32
2.1,-1032.577046,-18783.50378,1.352727179e-31
2.15,-733.72512,-13244.72973,9.521259857e-32
2.2,-986.4629917,-17684.18139,1.269050065e-31
2.25,-876.9016064,-15619.20365,1.118899143e-31
2.3,-864.241489,-15302.32419,1.094268929e-31
2.35,-939.6456089,-16548.36088,1.18132079e-31
2.4,-889.6743651,-15591.68017,1.11108968e-31
2.45,-906.2195623,-15811.82883,1.124824482e-31
2.5,-911.3609187,-15839.33299,1.12483636e-31
2.55,-911.0465413,-15779.30634,1.118644229e-31
2.6,-912.7520002,-15761.64543,1.115474671e-31
2.65,-913.7189009,-15738.36302,1.111921564e-31
2.7,-914.271145,-15714.97476,1.108375839e-31
2.75,-914.4381319,-15691.89467,1.104866586e-31
2.8,-914.2082616,-15668.83403,1.101373289e-31
2.85,-913.5882018,-15645.82124,1.097897829e-31
2.9,-912.5819332,-15622.84116,1.09443902e-31
2.95,-911.1932312,-15599.87758,1.090995617e-31
3,-947.2831222,-16225.33327,1.132840784e-31
3.05,-842.8841466,-14449.61419,1.007208709e-31
3.1,-952.0022915,-16341.06875,1.137171695e-31
3.15,-896.7187481,-15418.29484,1.071173503e-31
3.2,-915.1428086,-15768.15339,1.093673733e-31
3.25,-907.249526,-15671.43993,1.085177737e-31
3.3,-905.7816362,-15691.81594,1.08480744e-31
3.35,-902.5341456,-15687.68151,1.082749613e-31
3.4,-899.0373758,-15685.44873,1.080832371e-31
3.45,-895.1690897,-15682.95582,1.078906344e-31
3.5,-890.8716004,-15679.14695,1.076899005e-31
3.55,-886.1893281,-15674.75127,1.074860729e-31
3.6,-881.1051731,-15669.41902,1.072767692e-31
3.65,-875.6279315,-15663.25586,1.070627356e-31
3.7,-869.756998,-15656.20067,1.06843575e-31
3.75,-863.4949454,-15648.24822,1.066192738e-31
3.8,-856.8434244,-15639.37616,1.06389702e-31
3.85,-849.8043736,-15629.56652,1.061547602e-31
3.9,-842.3797273,-15618.80048,1.059143437e-31
3.95,-834.5714578,-15607.05898,1.05668347e-31
4,-826.3815923,-15594.32296,1.05416665e-31
4.05,-817.8122003,-15580.57309,1.051591917e-31
4.1,-808.8654038,-15565.78983,1.048958201e-31
4.15,-799.5433789,-15549.95339,1.046264422e-31
4.2,-789.8483578,-15533.0437,1.043509487e-31
4.25,-394.9083761,-7857.211429,5.270342066e-32
4.3,-786.101571,-15662.26902,1.050382258e-31
4.35,-877.6563396,-17464.58075,1.171441475e-31
4.4,-625.134839,-12451.971,8.351127655e-32
4.45,-888.0676412,-17676.54048,1.185617385e-31
4.5,-676.6656033,-13475.13545,9.037612028e-32
4.55,-823.8473782,-16401.32785,1.10005872e-31
4.6,-735.7109059,-14649.01551,9.825087396e-32
4.65,-784.0790611,-15610.83988,1.047029051e-31
4.7,-760.6892139,-15145.70041,1.015827128e-31
4.75,-772.476963,-15380.14024,1.031553329e-31
4.8,-767.8467821,-15288.04613,1.025375726e-31
4.85,-770.4890747,-15340.60407,1.028901248e-31
4.9,-770.0362881,-15331.59424,1.02829691e-31
4.95,-770.7898793,-15346.58462,1.029302439e-31
5,-242.6603829,-4831.456928,3.240476871e-32
5.05,-846.2136358,-16702.87674,1.1215428e-31
5.1,-821.2465916,-16002.18906,1.07640362e-31
5.15,-753.415338,-14520.06887,9.782719094e-32
5.2,-804.2904519,-15334.88922,1.034881739e-31
5.25,-808.7323502,-15264.90471,1.031856809e-31
5.3,-821.3656507,-15355.96909,1.039733276e-31
5.35,-829.7419505,-15373.4097,1.042645453e-31
5.4,-838.8653542,-15411.08849,1.046946082e-31
5.45,-847.3245643,-15442.87733,1.050863919e-31
5.5,-766.7261825,-13870.26019,9.454328723e-32
5.55,-1011.850298,-18182.57622,1.241375882e-31
5.6,-847.7871586,-15134.60952,1.035052865e-31
5.65,-863.8163021,-15328.31344,1.050082224e-31
5.7,-880.1070695,-15530.94336,1.06578371e-31
5.75,-892.8761867,-15676.62958,1.077624773e-31
5.8,-897.057522,-15677.76366,1.079556381e-31
5.85,-900.1499238,-15666.88798,1.080669881e-31
5.9,-904.131787,-15678.49132,1.083344125e-31
5.95,-907.9892233,-15694.87284,1.086361838e-31
6,-911.1109475,-15705.52126,1.088996009e-31
6.05,-913.7215239,-15714.4119,1.091520796e-31
6.1,-915.9177847,-15723.28589,1.09405678e-31
6.15,-917.6333601,-15731.07445,1.096529529e-31
6.2,-918.8632715,-15737.76632,1.098937935e-31
6.25,-919.6169516,-15743.59637,1.1012981e-31
6.3,-919.8864775,-15748.50175,1.103605376e-31
6.35,-919.6692307,-15752.51038,1.105861454e-31
6.4,-918.9629602,-15755.65649,1.108068485e-31
6.45,-917.7643568,-15757.95639,1.11022737e-31
6.5,-1441.348225,-24795.85503,1.750147248e-31
6.55,-286.9886879,-4937.602829,3.485343546e-32
6.6,-1468.902823,-25273.58204,1.784080792e-31
6.65,-525.4844694,-9040.550609,6.381325218e-32
6.7,-1168.677129,-20107.76871,1.419410501e-31
6.75,-780.4844279,-13427.94079,9.47837262e-32
6.8,-981.2988827,-16883.41427,1.191779586e-31
6.85,-885.9242127,-15242.22679,1.075915716e-31
6.9,-923.8922181,-15895.57256,1.122040364e-31
6.95,-906.0791273,-15589.04409,1.100399934e-31
7,-956.6769016,-16459.64179,1.161857505e-31
7.05,-777.9201474,-13383.58242,9.446921734e-32
7.1,-1083.945699,-18650.06809,1.31651999e-31
7.15,-712.7334152,-12262.06962,8.65528037e-32
7.2,-1065.454779,-18331.54478,1.294013699e-31
7.25,-803.2676842,-13820.02717,9.755197528e-32
7.3,-947.08849,-16294.62611,1.150206624e-31
7.35,-903.4052105,-15543.08051,1.097157827e-31
7.4,-893.582539,-15374.00128,1.085218192e-31
7.45,-911.6580458,-15685.03763,1.107176422e-31
7.5,-1429.570485,-24595.59999,1.736150035e-31
7.55,-670.7801435,-11523.61261,8.123532829e-32
7.6,-1007.234035,-17276.76297,1.215799098e-31
7.65,-896.2799959,-15357.01132,1.078878076e-31
7.7,-922.7466911,-15800.11693,1.108135904e-31
7.75,-915.371968,-15670.15428,1.097172866e-31
7.8,-915.2356069,-15670.68699,1.095371306e-31
7.85,-913.0394416,-15642.43846,1.091569769e-31
7.9,-910.8167039,-15620.1435,1.08819831e-31
7.95,-908.1556763,-15596.67695,1.084759138e-31
8,-945.4040806,-16266.12056,1.129449002e-31
8.05,-861.5450511,-14855.78572,1.029855171e-31
8.1,-929.1352854,-16063.45585,1.111751052e-31
8.15,-892.8028388,-15482.57003,1.069787913e-31
8.2,-904.7757278,-15744.493,1.086111896e-31
8.25,-895.6609505,-15646.34071,1.077584137e-31
8.3,-893.5215948,-15675.98523,1.077874958e-31
8.35,-888.5416929,-15662.09266,1.075178716e-31
8.4,-883.9381252,-15660.97889,1.073369872e-31
8.45,-878.6941559,-15654.69824,1.07121607e-31
8.5,-873.134429,-15648.9447,1.069107965e-31
8.55,-867.1561784,-15641.83981,1.066917179e-31
8.6,-860.795963,-15633.98675,1.064685162e-31
8.65,-854.0439338,-15625.15621,1.062396493e-31
8.7,-846.9058286,-15615.39921,1.06005488e-31
8.75,-839.3823975,-15604.6754,1.057657815e-31
8.8,-831.4759072,-15592.97119,1.055204615e-31
8.85,-823.1883313,-15580.26656,1.05269417e-31
8.9,-814.5217228,-15566.54188,1.050125399e-31
8.95,-805.4782119,-15551.77773,1.047497243e-31
9,-796.059965,-15535.95411,1.044808612e-31
9.05,-786.2692145,-15519.05085,1.042058407e-31
9.1,-776.1082522,-15501.04743,1.039245517e-31
9.15,-765.5794349,-15481.923,1.036368812e-31
9.2,-754.6851882,-15461.6563,1.033427142e-31
9.25,-693.6219973,-14406.21665,9.614106895e-32
9.3,-727.8585809,-15344.55306,1.022405491e-31
9.35,-649.5292139,-13895.95545,9.245075276e-32
9.4,-735.4137891,-15981.98563,1.061683582e-31
9.45,-702.8604885,-15528.1786,1.029975371e-31
9.5,-327.6717386,-7364.410864,4.8774361e-32
9.55,-580.8933385,-13085.98381,8.665103367e-32
9.6,-892.7639576,-20062.48076,1.328747891e-31
9.65,-423.6137171,-9539.423837,6.316884597e-32
9.7,-859.8896343,-19333.82506,1.280431412e-31
9.75,-522.8908945,-11769.11714,7.793694168e-32
9.8,-750.2335475,-16875.17768,1.117562418e-31
9.85,-615.2967953,-13844.92864,9.168557223e-32
9.9,-686.3132938,-15440.20682,1.022515312e-31
9.95,-652.3761544,-14677.83558,9.720215418e-32
10,-667.4334848,-15016.14668,9.944283999e-32
