#Exudyn implicit second order time integration sensor output file
#measure Body number = 4
#OutputVariableType = Rotation
#simulation started = 2024-10-23,21:15:33
#columns contain: time, comma separated sensor values (e.g, x,y,z position coordinates)
#number of sensor values = 3
#Exudyn version = 1.9.0; Python3.11.8; Windows AVX2 FLOAT64
#
0,0,0,-1.041600003
0.05,3.743130664e-42,-1.311784522e-40,-1.041600003
0.1,7.593018116e-43,-1.327753496e-40,-1.041600003
0.15,-2.200345256e-43,-1.330407019e-40,-1.041600003
0.2,-2.357203203e-42,-1.338825787e-40,-1.041600003
0.25,-6.67257704e-42,-1.334749835e-40,-1.041600003
0.3,-6.942712724e-42,-1.353878363e-40,-1.041600003
0.35,-7.876229221e-42,-1.348523483e-40,-1.041600003
0.4,-8.141581546e-42,-1.33873012e-40,-1.041600003
0.45,-9.432090049e-42,-1.339598683e-40,-1.041600003
0.5,-2.893334871e-40,6.126981538e-41,-1.041755695
0.55,2.199429525e-39,2.823146745e-40,-1.063763453
0.6,3.792402254e-37,3.838124583e-38,-1.089410157
0.65,4.884085564e-36,5.279993875e-37,-1.114514749
0.7,4.686975892e-36,2.282213149e-36,-1.139934825
0.75,4.441070712e-36,2.435523767e-36,-1.165465968
0.8,-6.482883218e-36,2.304361154e-35,-1.191095604
0.85,-4.728050083e-36,2.039508732e-35,-1.216827519
0.9,-4.782370547e-36,2.112164255e-35,-1.242674609
0.95,-4.467101073e-36,2.250155992e-35,-1.26863971
1,-3.557911229e-36,2.338979903e-35,-1.294724531
1.05,-3.391843818e-36,2.343142348e-35,-1.320933357
1.1,-3.024517218e-36,2.335157631e-35,-1.34727021
1.15,-2.561562382e-36,2.335210907e-35,-1.373738827
1.2,-2.199321941e-36,2.330818541e-35,-1.400343259
1.25,7.785931773e-37,2.241810027e-35,-1.427096697
1.3,9.379087861e-37,2.237994057e-35,-1.444943538
1.35,1.103088031e-36,2.233800797e-35,-1.462956528
1.4,1.247173924e-36,2.254481111e-35,-1.479829573
1.45,1.358456825e-36,2.148098776e-35,-1.498294362
1.5,1.696892394e-36,2.144448763e-35,-1.515765039
1.55,2.157909339e-36,2.146564773e-35,-1.534114293
1.6,3.938092378e-36,1.296074126e-35,-1.552222717
1.65,-3.996547357e-35,-1.428626077e-34,-1.570668992
1.7,-4.210038844e-35,-1.377982607e-34,-1.589203253
1.75,-4.42730423e-35,-1.371061458e-34,-1.607928841
1.8,-4.71140637e-35,-1.362993079e-34,-1.626816142
1.85,-4.221372623e-35,-9.824599661e-35,-1.645879603
1.9,-4.594757264e-35,-9.684093527e-35,-1.665122125
1.95,-4.926086203e-35,-1.015864809e-34,-1.684548392
2,-5.241213878e-35,-1.00356012e-34,-1.704012672
2.05,-5.175471225e-35,-1.006785809e-34,-1.697483146
2.1,-5.131256053e-35,-1.009568874e-34,-1.686854741
2.15,-5.072753899e-35,-1.017452956e-34,-1.679479605
2.2,-4.990210277e-35,-1.02679947e-34,-1.670044576
2.25,-4.812734421e-35,-1.009666252e-34,-1.660866594
2.3,-4.825499268e-35,-9.89134107e-35,-1.652640924
2.35,-4.732792329e-35,-9.919288034e-35,-1.64337035
2.4,-4.623697219e-35,-9.967161198e-35,-1.634613451
2.45,-4.540914789e-35,-1.000783906e-34,-1.625852748
2.5,-4.443041226e-35,-1.004755757e-34,-1.616969723
2.55,-4.357309416e-35,-1.009554969e-34,-1.608152124
2.6,-4.267973745e-35,-1.013121456e-34,-1.599328992
2.65,-4.177357134e-35,-1.016634286e-34,-1.590507847
2.7,-4.087543082e-35,-1.020033765e-34,-1.581688976
2.75,-3.998197492e-35,-1.023574977e-34,-1.572871174
2.8,-3.90781256e-35,-1.026818706e-34,-1.564053808
2.85,-3.816601052e-35,-1.029987929e-34,-1.555236177
2.9,-3.709214907e-35,-1.033422173e-34,-1.546417584
2.95,-3.619712297e-35,-1.037213483e-34,-1.537597338
3,-3.527722395e-35,-1.040139582e-34,-1.528638884
3.05,-3.282077246e-35,-1.065588091e-34,-1.502549639
3.1,-4.810825384e-35,-1.007092744e-34,-1.477162733
3.15,-4.822996679e-35,-1.152084555e-34,-1.452885514
3.2,-4.537231522e-35,-1.164400124e-34,-1.428496985
3.25,-4.217792838e-35,-1.172388717e-34,-1.404281169
3.3,-3.729491521e-35,-1.184238646e-34,-1.380185431
3.35,-3.416002798e-35,-1.188766395e-34,-1.356199602
3.4,-3.09208109e-35,-1.196971219e-34,-1.332327617
3.45,-2.787122942e-35,-1.203006131e-34,-1.308562384
3.5,-2.488943229e-35,-1.208088583e-34,-1.284901762
3.55,-2.023953214e-35,-1.213740211e-34,-1.261341942
3.6,-1.73772755e-35,-1.221204433e-34,-1.237879759
3.65,-1.434059026e-35,-1.224780651e-34,-1.214511934
3.7,-1.12976591e-35,-1.226755179e-34,-1.191235315
3.75,-8.203210284e-36,-1.228152007e-34,-1.168046789
3.8,-3.692862016e-36,-1.228861782e-34,-1.144943311
3.85,-8.207401451e-37,-1.232099145e-34,-1.121921891
3.9,2.182673883e-36,-1.231653899e-34,-1.09897959
3.95,5.178907496e-36,-1.229746078e-34,-1.07611352
4,8.212068301e-36,-1.227245597e-34,-1.053320843
4.05,1.256417504e-35,-1.223360742e-34,-1.030598763
4.1,1.540015728e-35,-1.22263061e-34,-1.007944528
4.15,1.833168776e-35,-1.218396953e-34,-0.9853554258
4.2,2.124481302e-35,-1.212817504e-34,-0.9628287813
4.25,2.418413401e-35,-1.206641485e-34,-0.9403533516
4.3,2.698702468e-35,-1.203385349e-34,-0.925419892
4.35,2.984379074e-35,-1.201956415e-34,-0.9135612563
4.4,6.363293481e-35,-1.165732843e-34,-0.8993614138
4.45,1.822378424e-35,-1.24752688e-34,-0.8869506283
4.5,3.586208254e-35,-1.23126784e-34,-0.8734463571
4.55,3.696994846e-35,-1.154170535e-34,-0.8607440865
4.6,3.941498963e-35,-1.312232112e-34,-0.8476827277
4.65,4.262502969e-35,-1.385559365e-34,-0.8349094428
4.7,4.318805817e-35,-1.381452811e-34,-0.8220911252
4.75,4.529346308e-35,-1.390067158e-34,-0.8093838526
4.8,4.711577439e-35,-1.383471821e-34,-0.7967157189
4.85,4.901972961e-35,-1.37655408e-34,-0.7841153923
4.9,5.091508793e-35,-1.369954198e-34,-0.7715695216
4.95,5.278509143e-35,-1.3626501e-34,-0.7590813091
5,5.454936556e-35,-1.355216133e-34,-0.7467925152
5.05,5.349230176e-35,-1.359281788e-34,-0.7540330305
5.1,5.206933997e-35,-1.365080829e-34,-0.7644744551
5.15,5.07795927e-35,-1.370138627e-34,-0.7736535177
5.2,4.95188142e-35,-1.375046015e-34,-0.7831490595
5.25,4.821606156e-35,-1.379975322e-34,-0.7926134428
5.3,4.690483247e-35,-1.384743955e-34,-0.8020898284
5.35,4.55522458e-35,-1.389409106e-34,-0.8115473918
5.4,4.423504566e-35,-1.393740733e-34,-0.8209945782
5.45,4.291160839e-35,-1.398124055e-34,-0.8304303977
5.5,4.156017527e-35,-1.40242242e-34,-0.8400540452
5.55,5.524014395e-35,-1.384003421e-34,-0.8657677093
5.6,4.131112999e-35,-8.927284456e-35,-0.8910842722
5.65,2.993091231e-35,-9.276642446e-35,-0.9161297565
5.7,2.721607104e-35,-9.326517808e-35,-0.9413259253
5.75,2.381398073e-35,-9.442414414e-35,-0.9666457298
5.8,2.327867876e-35,-9.424382973e-35,-0.9920643454
5.85,2.081162536e-35,-9.488674772e-35,-1.017564619
5.9,1.819556124e-35,-9.571587244e-35,-1.043155434
5.95,1.54250407e-35,-9.626725913e-35,-1.068845194
6,1.337850106e-35,-9.665271271e-35,-1.094636784
6.05,1.04436482e-35,-9.669846208e-35,-1.120532443
6.1,7.687494394e-36,-9.695169794e-35,-1.146535858
6.15,4.91623388e-36,-9.720766567e-35,-1.172650768
6.2,2.06112733e-36,-9.739945675e-35,-1.198880702
6.25,-1.035787635e-38,-9.705340468e-35,-1.225229361
6.3,-3.029536871e-36,-9.710942844e-35,-1.25170055
6.35,-5.855747984e-36,-9.698479041e-35,-1.27829814
6.4,-8.606199381e-36,-9.685900143e-35,-1.305026101
6.45,-1.065815301e-35,-9.668984102e-35,-1.331888501
6.5,-1.357145053e-35,-9.594240005e-35,-1.358896767
6.55,-1.559380581e-35,-9.569191198e-35,-1.377416919
6.6,-1.75682863e-35,-9.544472515e-35,-1.395451407
6.65,-1.945558188e-35,-9.516481522e-35,-1.413140777
6.7,-2.126737662e-35,-9.481766315e-35,-1.431766976
6.75,-2.326702699e-35,-9.4472147e-35,-1.449879345
6.8,-1.994895995e-35,-9.308063548e-35,-1.468604788
6.85,-2.182123652e-35,-9.33227295e-35,-1.4872409
6.9,-3.039526291e-35,-9.177266319e-35,-1.506172418
6.95,-3.151601872e-35,-8.460035123e-35,-1.525222472
7,-3.422385839e-35,-8.388977563e-35,-1.54432061
7.05,-3.383254861e-35,-8.226101123e-35,-1.543745252
7.1,-3.868526309e-35,-1.063324068e-34,-1.542906186
7.15,-3.677527114e-35,-9.618569779e-35,-1.544271827
7.2,-3.594152861e-35,-9.277502376e-35,-1.543141744
7.25,-3.682975211e-35,-9.681914649e-35,-1.543658685
7.3,-3.695840116e-35,-9.740886476e-35,-1.54370592
7.35,-3.704235724e-35,-9.8006906e-35,-1.54339004
7.4,-3.71643721e-35,-9.842701026e-35,-1.543679689
7.45,-3.714759752e-35,-9.843191501e-35,-1.543546432
7.5,-3.715130923e-35,-9.843092704e-35,-1.543571031
7.55,-3.647102599e-35,-9.866582424e-35,-1.536676397
7.6,-3.558987422e-35,-9.896321642e-35,-1.527744868
7.65,-3.4251857e-35,-9.934266302e-35,-1.518864994
7.7,-3.335048227e-35,-9.9483443e-35,-1.510082883
7.75,-3.24693346e-35,-9.975005657e-35,-1.501263544
7.8,-3.158884005e-35,-1.000073761e-34,-1.492449734
7.85,-3.070593621e-35,-1.002578718e-34,-1.48363204
7.9,-2.982114767e-35,-1.00500477e-34,-1.474811329
7.95,-2.893324477e-35,-1.007355595e-34,-1.465986624
8,-2.802699808e-35,-1.009661963e-34,-1.457020406
8.05,-3.823571102e-35,-1.004749027e-34,-1.431267728
8.1,-4.243267639e-35,-1.334388108e-34,-1.406365259
8.15,-4.441321784e-35,-1.332134454e-34,-1.382405328
8.2,-2.993768779e-35,-8.154916249e-35,-1.358308295
8.25,-2.768610204e-35,-8.163092689e-35,-1.334415668
8.3,-2.537857865e-35,-8.213657293e-35,-1.310607102
8.35,-2.322932692e-35,-8.261571456e-35,-1.286909472
8.4,-2.113242535e-35,-8.302659598e-35,-1.263311973
8.45,-2.05642466e-35,-8.335377468e-35,-1.23981296
8.5,-1.835911364e-35,-8.3242142e-35,-1.216408774
8.55,-1.609234508e-35,-8.354595364e-35,-1.193096344
8.6,-1.395002518e-35,-8.37182311e-35,-1.169872494
8.65,-1.186881831e-35,-8.390366411e-35,-1.146734181
8.7,-1.121173936e-35,-8.408838569e-35,-1.123678381
8.75,-9.069692912e-36,-8.442861528e-35,-1.100702143
8.8,-6.834699941e-36,-8.449998825e-35,-1.077802559
8.85,-4.719291643e-36,-8.445801785e-35,-1.05497677
8.9,-2.657835206e-36,-8.442670902e-35,-1.032221965
8.95,-1.93420504e-36,-8.446677266e-35,-1.009535374
9,1.85489951e-37,-8.457035083e-35,-0.9869142659
9.05,2.373839741e-36,-8.441937314e-35,-0.9643559504
9.1,4.445988061e-36,-8.416975977e-35,-0.9418577707
9.15,6.469068188e-36,-8.39292732e-35,-0.9194171037
9.2,7.225479396e-36,-8.382485504e-35,-0.8970313568
9.25,9.194391354e-36,-8.371464831e-35,-0.8748440203
9.3,9.888751336e-36,-8.361539248e-35,-0.8663781951
9.35,1.16307619e-35,-8.992431792e-35,-0.8566974644
9.4,2.013802621e-35,-8.882961255e-35,-0.8473136815
9.45,1.937354657e-35,-8.881012571e-35,-0.838360055
9.5,2.019984036e-35,-8.860016498e-35,-0.8290519055
9.55,2.111407541e-35,-9.386386675e-35,-0.827696978
9.6,1.76852919e-35,-7.458934293e-35,-0.8291738835
9.65,1.777927027e-35,-7.4552951e-35,-0.8279582763
9.7,1.785861552e-35,-7.54930135e-35,-0.8288842109
9.75,1.790818723e-35,-7.547932851e-35,-0.8282404774
9.8,1.783271813e-35,-7.521100668e-35,-0.8286415922
9.85,1.784996511e-35,-7.520623609e-35,-0.8284184321
9.9,1.784121366e-35,-7.520863914e-35,-0.8285291432
9.95,1.784507205e-35,-7.520757002e-35,-0.828479435
10,1.784347311e-35,-7.520801383e-35,-0.8284999764
