#Exudyn implicit second order time integration sensor output file
#measure Body number = 6
#OutputVariableType = Rotation
#simulation started = 2024-11-21,17:42:05
#columns contain: time, comma separated sensor values (e.g, x,y,z position coordinates)
#number of sensor values = 3
#Exudyn version = 1.9.0; Python3.11.8; Windows AVX2 FLOAT64
#
0,-0,-0,2.72181365
0.01,-2.526616818e-59,1.870015024e-59,2.721816775
0.02,-8.326408481e-58,6.159335571e-58,2.721830199
0.03,2.518212104e-58,-1.348318493e-58,2.72184615
0.04,4.49583523e-58,-1.648594401e-58,2.721861309
0.05,4.495874205e-58,-1.648542155e-58,2.721879319
0.06,4.495922075e-58,-1.648459771e-58,2.721899107
0.07,7.358389554e-57,-2.709074224e-57,2.721917722
0.08,7.358465334e-57,-2.708924811e-57,2.721934969
0.09,7.35854233e-57,-2.708777305e-57,2.721951868
0.1,7.35861784e-57,-2.708634041e-57,2.721967892
0.11,7.358686028e-57,-2.708505104e-57,2.721982409
0.12,7.358755644e-57,-2.70837584e-57,2.721997013
0.13,7.358827003e-57,-2.708243386e-57,2.722011885
0.14,7.358897712e-57,-2.708111287e-57,2.722026814
0.15,7.358968612e-57,-2.707977937e-57,2.722042049
0.16,7.359041173e-57,-2.707840707e-57,2.722057839
0.17,7.359115248e-57,-2.707700009e-57,2.722074134
0.18,7.364353526e-57,-2.699432897e-57,2.722090913
0.19,7.370377153e-57,-2.689928486e-57,2.72210763
0.2,7.370450734e-57,-2.689788883e-57,2.722123785
0.21,7.370526455e-57,-2.689646956e-57,2.722140345
0.22,7.378594991e-57,-2.67692915e-57,2.722156662
0.23,7.387537421e-57,-2.66283868e-57,2.722172101
0.24,7.382783001e-57,-2.670295379e-57,2.722187335
0.25,7.372511216e-57,-2.686429276e-57,2.722202746
0.26,7.383864995e-57,-2.668545866e-57,2.722218401
0.27,7.387066264e-57,-2.663484557e-57,2.722234494
0.28,7.383814906e-57,-2.668573912e-57,2.722251031
0.29,7.380718067e-57,-2.673421671e-57,2.72226758
0.3,7.395902638e-57,-2.649508313e-57,2.722283816
0.31,7.404085935e-57,-2.636604596e-57,2.722300101
0.32,7.395430282e-57,-2.650194685e-57,2.722316702
0.33,7.381218926e-57,-2.6725272e-57,2.722332951
0.34,7.376549176e-57,-2.679850117e-57,2.72234885
0.35,7.360926728e-57,-2.704405456e-57,2.722364457
0.36,7.355669531e-57,-2.712650748e-57,2.722380262
0.37,7.355420773e-57,-2.713016505e-57,2.722396372
0.38,7.355495548e-57,-2.712871441e-57,2.722412564
0.39,7.32961997e-57,-2.753544608e-57,2.722428974
0.4,7.343478542e-57,-2.73172288e-57,2.722445217
0.41,7.343551487e-57,-2.731581156e-57,2.722461156
0.42,7.343106631e-57,-2.732255691e-57,2.722477564
0.43,7.343183364e-57,-2.732107751e-57,2.72249411
0.44,7.359703501e-57,-2.706095269e-57,2.722510412
0.45,7.359776377e-57,-2.705953136e-57,2.722526304
0.46,7.359851046e-57,-2.705808184e-57,2.722542456
0.47,7.359928751e-57,-2.705658472e-57,2.722559042
0.48,7.360003366e-57,-2.705514155e-57,2.722575074
0.49,7.339631274e-57,-2.737531517e-57,2.722590655
0.5,7.339705116e-57,-2.737390501e-57,2.722606342
0.51,7.339780137e-57,-2.737247606e-57,2.722622204
0.52,7.339854234e-57,-2.737106127e-57,2.722637938
0.53,7.33992915e-57,-2.736963126e-57,2.722653839
0.54,7.340005349e-57,-2.736817759e-57,2.722669995
0.55,7.340078952e-57,-2.736676138e-57,2.722685837
0.56,7.340154433e-57,-2.736530991e-57,2.722702067
0.57,7.3402303e-57,-2.736384833e-57,2.722718432
0.58,7.340305013e-57,-2.73624057e-57,2.722734612
0.59,7.340380833e-57,-2.736094754e-57,2.722750918
0.6,7.340457536e-57,-2.735947871e-57,2.722767287
0.61,7.340532076e-57,-2.735804793e-57,2.72278326
0.62,7.34060653e-57,-2.735662039e-57,2.722799184
0.63,7.340681736e-57,-2.735517822e-57,2.722815272
0.64,7.340758274e-57,-2.735370929e-57,2.72283167
0.65,7.340833928e-57,-2.735225005e-57,2.722848019
0.66,7.340907579e-57,-2.735081865e-57,2.722864148
0.67,7.340982377e-57,-2.734936108e-57,2.722880605
0.68,7.341060859e-57,-2.734783641e-57,2.722897783
0.69,7.341139927e-57,-2.734630007e-57,2.722915093
0.7,7.341217058e-57,-2.734479974e-57,2.722932008
0.71,7.34129386e-57,-2.734331319e-57,2.722948706
0.72,7.341370184e-57,-2.734184264e-57,2.722965165
0.73,7.341445305e-57,-2.734039758e-57,2.722981317
0.74,7.341519898e-57,-2.733896371e-57,2.722997336
0.75,7.34159303e-57,-2.733755241e-57,2.723013148
0.76,7.34166838e-57,-2.733610349e-57,2.723029341
0.77,7.341745079e-57,-2.733463096e-57,2.723045775
0.78,7.341818409e-57,-2.733321192e-57,2.723061705
0.79,7.341894101e-57,-2.733175482e-57,2.723078002
0.8,7.341970497e-57,-2.73302838e-57,2.723094455
0.81,7.342046548e-57,-2.732881628e-57,2.723110897
0.82,7.342123085e-57,-2.732733962e-57,2.723127437
0.83,7.342198897e-57,-2.732587381e-57,2.723143882
0.84,7.342274871e-57,-2.732440544e-57,2.72316035
0.85,7.342351169e-57,-2.732293231e-57,2.723176859
0.86,7.342427531e-57,-2.732145918e-57,2.723193356
0.87,7.342502759e-57,-2.73200061e-57,2.723209643
0.88,7.342578177e-57,-2.731855066e-57,2.723225945
0.89,7.342652711e-57,-2.731710805e-57,2.723242138
0.9,7.342730158e-57,-2.731561814e-57,2.723258786
0.91,7.342807563e-57,-2.731412948e-57,2.723275415
0.92,7.342881882e-57,-2.731269122e-57,2.723291554
0.93,7.342956008e-57,-2.731125462e-57,2.723307694
0.94,7.34303344e-57,-2.730976169e-57,2.723324405
0.95,7.343111991e-57,-2.730824962e-57,2.723341309
0.96,7.343189884e-57,-2.73067515e-57,2.723358043
0.97,7.343265185e-57,-2.730529996e-57,2.723374282
0.98,7.343341036e-57,-2.730384426e-57,2.723390515
0.99,7.343416906e-57,-2.730239067e-57,2.7234067
1,7.343490232e-57,-2.730097675e-57,2.723422518
1.01,7.343565126e-57,-2.729953437e-57,2.723438645
1.02,7.343643319e-57,-2.729803593e-57,2.723455336
1.03,7.343719698e-57,-2.72965673e-57,2.723471731
1.04,7.343793688e-57,-2.729513784e-57,2.723487745
1.05,7.343869323e-57,-2.729368116e-57,2.72350403
1.06,7.343946335e-57,-2.729220125e-57,2.723520545
1.07,7.344020921e-57,-2.729075961e-57,2.723536698
1.08,7.344095551e-57,-2.72893171e-57,2.723552857
1.09,7.3441718e-57,-2.728784812e-57,2.72356928
1.1,7.344247366e-57,-2.728639024e-57,2.723585594
1.11,7.34432359e-57,-2.72849236e-57,2.723601973
1.12,7.344398445e-57,-2.72834789e-57,2.723618141
1.13,7.344472739e-57,-2.728204014e-57,2.723634284
1.14,7.344549378e-57,-2.728056007e-57,2.72365086
1.15,7.344625928e-57,-2.727907858e-57,2.723667473
1.16,7.344702563e-57,-2.727759425e-57,2.723684132
1.17,7.344782401e-57,-2.727605849e-57,2.723701284
1.18,7.344860424e-57,-2.727455313e-57,2.723718125
1.19,7.344935735e-57,-2.727309387e-57,2.723734501
1.2,7.345012739e-57,-2.727160947e-57,2.7237511
1.21,7.345089717e-57,-2.727012536e-57,2.723767693
1.22,7.3451647e-57,-2.726867232e-57,2.723783997
1.23,7.345241384e-57,-2.726718962e-57,2.723800612
1.24,7.345320283e-57,-2.726566865e-57,2.723817619
1.25,7.345397236e-57,-2.726417807e-57,2.72383433
1.26,7.345475068e-57,-2.726267733e-57,2.723851114
1.27,7.345554198e-57,-2.72611599e-57,2.72386801
1.28,7.34562994e-57,-2.725970298e-57,2.723884263
1.29,7.345705416e-57,-2.725825578e-57,2.723900373
1.3,7.345781622e-57,-2.725679919e-57,2.723916546
1.31,7.345855306e-57,-2.72553828e-57,2.723932335
1.32,7.34593043e-57,-2.725394158e-57,2.723948386
1.33,7.346007311e-57,-2.725246811e-57,2.72396478
1.34,7.34608387e-57,-2.725099713e-57,2.723981177
1.35,7.346160335e-57,-2.724952708e-57,2.723997568
1.36,7.346235407e-57,-2.724808034e-57,2.724013728
1.37,7.346312542e-57,-2.724660164e-57,2.724030186
1.38,7.346389458e-57,-2.724512677e-57,2.724046598
1.39,7.346465715e-57,-2.724366244e-57,2.724062912
1.4,7.346543635e-57,-2.724217038e-57,2.724079501
1.41,7.346620758e-57,-2.724068991e-57,2.724095988
1.42,7.346698069e-57,-2.72392076e-57,2.724112499
1.43,7.346775789e-57,-2.723771701e-57,2.724129087
1.44,7.346851391e-57,-2.723625742e-57,2.724145407
1.45,7.346929033e-57,-2.723476061e-57,2.724162134
1.46,7.347007094e-57,-2.723325086e-57,2.724179038
1.47,7.347083074e-57,-2.723176769e-57,2.724195755
1.48,7.347162348e-57,-2.723022421e-57,2.724213132
1.49,7.347244436e-57,-2.722862667e-57,2.724231108
1.5,7.347323816e-57,-2.722706588e-57,2.724248794
1.51,7.347404605e-57,-2.722547679e-57,2.724266814
1.52,7.347486154e-57,-2.722386898e-57,2.724285073
1.53,7.347568397e-57,-2.72222478e-57,2.724303483
1.54,7.347651278e-57,-2.72206177e-57,2.724321963
1.55,7.347731319e-57,-2.721903848e-57,2.72433989
1.56,7.347803836e-57,-2.721758654e-57,2.724356533
1.57,7.347877595e-57,-2.721611735e-57,2.724373323
1.58,7.347954508e-57,-2.721459279e-57,2.724390666
1.59,7.348030245e-57,-2.721308532e-57,2.724407877
1.6,7.348104163e-57,-2.721160735e-57,2.724424802
1.61,7.348177861e-57,-2.721013446e-57,2.724441663
1.62,7.348250849e-57,-2.720867483e-57,2.724458376
1.63,7.348325754e-57,-2.720718684e-57,2.724475339
1.64,7.348398862e-57,-2.720572876e-57,2.724491999
1.65,7.348471516e-57,-2.720428098e-57,2.724508533
1.66,7.34854512e-57,-2.720281859e-57,2.724525196
1.67,7.348616202e-57,-2.720139366e-57,2.724541525
1.68,7.348687503e-57,-2.719996008e-57,2.724557997
1.69,7.348762468e-57,-2.719846223e-57,2.724575134
1.7,7.348836495e-57,-2.719697719e-57,2.724592163
1.71,7.348908447e-57,-2.719552815e-57,2.724608823
1.72,7.348982906e-57,-2.719404509e-57,2.724625752
1.73,7.349057507e-57,-2.719256804e-57,2.724642528
1.74,7.349127528e-57,-2.71911749e-57,2.724658395
1.75,7.349197289e-57,-2.718979536e-57,2.724674075
1.76,7.349268069e-57,-2.718839905e-57,2.724689885
1.77,7.349337471e-57,-2.718702246e-57,2.724705528
1.78,7.349406731e-57,-2.718564317e-57,2.724721247
1.79,7.349476339e-57,-2.718425242e-57,2.724737132
1.8,7.349546505e-57,-2.718284886e-57,2.724753175
1.81,7.349614512e-57,-2.718147735e-57,2.724768932
1.82,7.349682119e-57,-2.718011043e-57,2.724784669
1.83,7.349751917e-57,-2.71787048e-57,2.724800808
1.84,7.349820297e-57,-2.717732045e-57,2.724816752
1.85,7.349887815e-57,-2.717595023e-57,2.72483256
1.86,7.349958327e-57,-2.71745346e-57,2.724848777
1.87,7.3500263e-57,-2.717316444e-57,2.724864497
1.88,7.350089755e-57,-2.717187363e-57,2.724879398
1.89,7.350153819e-57,-2.717057459e-57,2.724894363
1.9,7.350218955e-57,-2.716925375e-57,2.724909581
1.91,7.3502856e-57,-2.716790255e-57,2.724925148
1.92,7.350351667e-57,-2.716655438e-57,2.724940743
1.93,7.350419837e-57,-2.716516966e-57,2.72495672
1.94,7.350487979e-57,-2.716378455e-57,2.724972735
1.95,7.350552473e-57,-2.716245111e-57,2.72498829
1.96,7.350621246e-57,-2.716103948e-57,2.725004699
1.97,7.350693853e-57,-2.715955135e-57,2.725021971
1.98,7.350765659e-57,-2.715806183e-57,2.725039398
1.99,7.350839759e-57,-2.715651698e-57,2.72505754
2,7.350916098e-57,-2.715491228e-57,2.72507649
2.01,7.350997023e-57,-2.71532127e-57,2.725096557
2.02,7.351079919e-57,-2.715146616e-57,2.725117216
2.03,7.351162573e-57,-2.714971562e-57,2.725137984
2.04,7.351242926e-57,-2.714799943e-57,2.725158448
2.05,7.351325104e-57,-2.714625507e-57,2.725179169
2.06,7.351406786e-57,-2.714452162e-57,2.72519975
2.07,7.351488687e-57,-2.714279072e-57,2.725220245
2.08,7.351569677e-57,-2.714108024e-57,2.725240483
2.09,7.351649719e-57,-2.713939056e-57,2.725260514
2.1,7.351729974e-57,-2.713769377e-57,2.725280598
2.11,7.351810267e-57,-2.713599253e-57,2.725300758
2.12,7.351891181e-57,-2.713427659e-57,2.725321107
2.13,7.351973808e-57,-2.713252942e-57,2.725341786
2.14,7.352056667e-57,-2.713077804e-57,2.725362503
2.15,7.352136939e-57,-2.712906916e-57,2.725382796
2.16,7.352214276e-57,-2.712740868e-57,2.725402619
2.17,7.35229559e-57,-2.71256834e-57,2.725423072
2.18,7.352377519e-57,-2.712394423e-57,2.725443682
2.19,7.352456944e-57,-2.712224244e-57,2.725463962
2.2,7.352537228e-57,-2.712052326e-57,2.725484449
2.21,7.352619432e-57,-2.711876866e-57,2.72550531
2.22,7.352700926e-57,-2.711702267e-57,2.725526112
2.23,7.352781783e-57,-2.711528475e-57,2.725546854
2.24,7.352864096e-57,-2.711352519e-57,2.725567851
2.25,7.352948025e-57,-2.711173432e-57,2.725589129
2.26,7.353031526e-57,-2.710994967e-57,2.725610348
2.27,7.353114299e-57,-2.71081768e-57,2.725631453
2.28,7.353198991e-57,-2.710637413e-57,2.725652833
2.29,7.353282968e-57,-2.710458108e-57,2.72567412
2.3,7.353364625e-57,-2.710282301e-57,2.725695102
2.31,7.353448076e-57,-2.710102894e-57,2.7257165
2.32,7.353532658e-57,-2.709920405e-57,2.725738305
2.33,7.353615633e-57,-2.709739026e-57,2.725760148
2.34,7.353701754e-57,-2.709551036e-57,2.725782783
2.35,7.353791177e-57,-2.709356348e-57,2.725806185
2.36,7.353879914e-57,-2.7091621e-57,2.725829591
2.37,7.353967071e-57,-2.708970498e-57,2.725852737
2.38,7.354055485e-57,-2.708776865e-57,2.725875998
2.39,7.35414506e-57,-2.708582435e-57,2.725899299
2.4,7.354231799e-57,-2.708392891e-57,2.725922086
2.41,7.354317008e-57,-2.708204489e-57,2.725944908
2.42,7.354406351e-57,-2.708005045e-57,2.725969222
2.43,7.354501069e-57,-2.707789077e-57,2.725995897
2.44,7.354608443e-57,-2.707542147e-57,2.726026587
2.45,7.354728361e-57,-2.707261701e-57,2.726061771
2.46,7.35486054e-57,-2.70694646e-57,2.726101775
2.47,7.355008142e-57,-2.706590623e-57,2.726147187
2.48,7.355167665e-57,-2.706199139e-57,2.726197511
2.49,7.355341133e-57,-2.705770102e-57,2.726253004
2.5,7.355531624e-57,-2.705299193e-57,2.726313891
2.51,7.355732447e-57,-2.704799818e-57,2.726378608
2.52,7.35593657e-57,-2.704286493e-57,2.726445493
2.53,7.356149053e-57,-2.703753643e-57,2.726514817
2.54,7.356365057e-57,-2.703209574e-57,2.726585583
2.55,7.356580803e-57,-2.702661233e-57,2.726657326
2.56,7.356803631e-57,-2.702092018e-57,2.726731998
2.57,7.357040145e-57,-2.701484162e-57,2.726811979
2.58,7.357296991e-57,-2.700819902e-57,2.72689983
2.59,7.357584542e-57,-2.7000736e-57,2.726998556
2.6,7.357907131e-57,-2.699234933e-57,2.727109589
2.61,7.358263561e-57,-2.698305377e-57,2.727232971
2.62,7.353971388e-57,-2.693772181e-57,2.727368467
2.63,7.359242262e-57,-2.696304972e-57,2.727515744
2.64,7.359690653e-57,-2.695114889e-57,2.7276745
2.65,7.363081615e-57,-2.695986506e-57,2.727845367
2.66,7.363595411e-57,-2.694623418e-57,2.728027984
2.67,7.364137734e-57,-2.693179621e-57,2.728221666
2.68,7.364707201e-57,-2.691658466e-57,2.728425972
2.69,7.365306028e-57,-2.690058611e-57,2.728640783
2.7,7.365929306e-57,-2.688391461e-57,2.728864664
2.71,7.366572222e-57,-2.686668549e-57,2.729096141
2.72,7.367231226e-57,-2.684899269e-57,2.729333951
2.73,7.367904052e-57,-2.683090932e-57,2.729577025
2.74,7.368587598e-57,-2.681251929e-57,2.729824229
2.75,7.369276683e-57,-2.679393136e-57,2.730074287
2.76,7.369973349e-57,-2.677512007e-57,2.730327354
2.77,7.370679355e-57,-2.675604706e-57,2.730583884
2.78,7.37139307e-57,-2.673671071e-57,2.730844179
2.79,7.37211931e-57,-2.671698455e-57,2.731109909
2.8,7.372866349e-57,-2.669667748e-57,2.731383429
2.81,7.373636713e-57,-2.667570692e-57,2.731665933
2.82,7.374435933e-57,-2.665397529e-57,2.731958384
2.83,7.375260775e-57,-2.663156906e-57,2.732259622
2.84,7.376099843e-57,-2.660873148e-57,2.732566769
2.85,7.376947573e-57,-2.658561894e-57,2.732877691
2.86,7.377800313e-57,-2.656234325e-57,2.7331908
2.87,7.378652807e-57,-2.653901483e-57,2.733504803
2.88,7.379505743e-57,-2.651561836e-57,2.733819891
2.89,7.380363967e-57,-2.649204535e-57,2.734137384
2.9,7.381232693e-57,-2.646816026e-57,2.734459035
2.91,7.382115825e-57,-2.644383755e-57,2.734786661
2.92,7.383019449e-57,-2.641890986e-57,2.735122484
2.93,7.383950533e-57,-2.639320332e-57,2.735468719
2.94,7.384910339e-57,-2.63666538e-57,2.735826394
2.95,7.385900447e-57,-2.633920539e-57,2.736196313
2.96,7.386927691e-57,-2.631073707e-57,2.736579685
2.97,7.387986043e-57,-2.628136609e-57,2.736975184
2.98,7.389070388e-57,-2.625122252e-57,2.737381139
2.99,7.390176393e-57,-2.622040776e-57,2.73779623
3,7.39130176e-57,-2.618898681e-57,2.738219612
3.01,7.392445696e-57,-2.615697237e-57,2.738651126
3.02,7.393610227e-57,-2.612433121e-57,2.739091085
3.03,7.394797521e-57,-2.609103356e-57,2.739539661
3.04,7.396003289e-57,-2.605716646e-57,2.739995871
3.05,7.397224422e-57,-2.602280196e-57,2.740458819
3.06,7.398459989e-57,-2.59879854e-57,2.740927749
3.07,7.39970412e-57,-2.595286415e-57,2.741400764
3.08,7.400951593e-57,-2.591759561e-57,2.741875763
3.09,7.402197817e-57,-2.588229617e-57,2.742351172
3.1,7.403440022e-57,-2.584704527e-57,2.742825913
3.11,7.404053274e-57,-2.58403065e-57,2.743299197
3.12,7.405285195e-57,-2.580521627e-57,2.743771942
3.13,7.406517743e-57,-2.577018553e-57,2.744245662
3.14,7.407633477e-57,-2.574405278e-57,2.744722477
3.15,7.408640496e-57,-2.572695579e-57,2.745203777
3.16,7.410106822e-57,-2.567038433e-57,2.745690363
3.17,7.411379525e-57,-2.563385397e-57,2.74618192
3.18,7.412663251e-57,-2.559695217e-57,2.74667837
3.19,7.413955096e-57,-2.555973708e-57,2.747179071
3.2,7.415255006e-57,-2.552221679e-57,2.747683861
3.21,7.416565265e-57,-2.548435654e-57,2.74819301
3.22,7.417893706e-57,-2.544617735e-57,2.748706142
3.23,7.419220084e-57,-2.540767686e-57,2.749224002
3.24,7.420560579e-57,-2.536869942e-57,2.749748185
3.25,7.421916908e-57,-2.532917989e-57,2.750279656
3.26,7.423293963e-57,-2.528901362e-57,2.750819555
3.27,7.424742965e-57,-2.524825488e-57,2.751367507
3.28,7.426265052e-57,-2.520703011e-57,2.751921843
3.29,7.428065518e-57,-2.516544466e-57,2.752481107
3.3,7.429696513e-57,-2.51235976e-57,2.753043138
3.31,7.431123097e-57,-2.50815722e-57,2.753607639
3.32,7.432559127e-57,-2.503920036e-57,2.754176644
3.33,7.434008383e-57,-2.499636411e-57,2.754751745
3.34,7.435473464e-57,-2.495296369e-57,2.755334387
3.35,7.436960962e-57,-2.490882575e-57,2.755926758
3.36,7.438475207e-57,-2.48638137e-57,2.756530696
3.37,7.440020366e-57,-2.481779786e-57,2.757147898
3.38,7.441603585e-57,-2.477060673e-57,2.757780416
3.39,7.443088349e-57,-2.472236219e-57,2.758428867
3.4,7.444746952e-57,-2.467272262e-57,2.759093678
3.41,7.446444432e-57,-2.462183225e-57,2.759774926
3.42,7.448180723e-57,-2.456969373e-57,2.760472512
3.43,7.449955267e-57,-2.45163136e-57,2.761186344
3.44,7.45176826e-57,-2.446167536e-57,2.761916641
3.45,7.453614477e-57,-2.440586607e-57,2.762662586
3.46,7.455494019e-57,-2.434888694e-57,2.763424075
3.47,7.457411556e-57,-2.429066852e-57,2.764201552
3.48,7.45936517e-57,-2.423126111e-57,2.764994324
3.49,7.461354094e-57,-2.417070115e-57,2.765801756
3.5,7.463374001e-57,-2.410909868e-57,2.766622442
3.51,7.465414798e-57,-2.404667321e-57,2.767453921
3.52,7.467474088e-57,-2.398349409e-57,2.768295241
3.53,7.469560042e-57,-2.39199942e-57,2.769146598
3.54,7.47164978e-57,-2.38548357e-57,2.770006435
3.55,7.473761025e-57,-2.378957479e-57,2.77087453
3.56,7.475883876e-57,-2.372353233e-57,2.771750401
3.57,7.478017964e-57,-2.365716596e-57,2.772632864
3.58,7.480149443e-57,-2.358944417e-57,2.773521941
3.59,7.482307652e-57,-2.352193621e-57,2.774418457
3.6,7.48448231e-57,-2.345377097e-57,2.775323183
3.61,7.486675328e-57,-2.338487336e-57,2.776236893
3.62,7.48889073e-57,-2.331482732e-57,2.77715981
3.63,7.491120814e-57,-2.324449852e-57,2.778090947
3.64,7.493365442e-57,-2.317349037e-57,2.779030355
3.65,7.495631499e-57,-2.310175704e-57,2.779978359
3.66,7.497926333e-57,-2.302914209e-57,2.780936182
3.67,7.500248484e-57,-2.295569709e-57,2.781903048
3.68,7.50258222e-57,-2.288175421e-57,2.782875471
3.69,7.504929798e-57,-2.280730917e-57,2.783853091
3.7,7.507300933e-57,-2.273220014e-57,2.784837168
3.71,7.509685683e-57,-2.265661668e-57,2.785825881
3.72,7.512084935e-57,-2.258052791e-57,2.786819612
3.73,7.514508162e-57,-2.250371752e-57,2.787820666
3.74,7.516952626e-57,-2.242617475e-57,2.788829677
3.75,7.51943244e-57,-2.234757547e-57,2.789850095
3.76,7.521955192e-57,-2.22679417e-57,2.790884195
3.77,7.52451589e-57,-2.218692533e-57,2.791931005
3.78,7.527108658e-57,-2.210485685e-57,2.792989406
3.79,7.529731406e-57,-2.202182818e-57,2.794058212
3.8,7.532384831e-57,-2.193780888e-57,2.79513738
3.81,7.535070212e-57,-2.185283303e-57,2.796226306
3.82,7.537776395e-57,-2.176711465e-57,2.797322856
3.83,7.540495675e-57,-2.168078785e-57,2.798425887
3.84,7.543234589e-57,-2.159368929e-57,2.799537175
3.85,7.546011617e-57,-2.150541406e-57,2.800660759
3.86,7.548815342e-57,-2.141613906e-57,2.801795356
3.87,7.551630759e-57,-2.132613394e-57,2.802938654
3.88,7.554473147e-57,-2.123509047e-57,2.804093466
3.89,7.557344656e-57,-2.114297514e-57,2.805259923
3.9,7.560227458e-57,-2.105016828e-57,2.80643422
3.91,7.56312915e-57,-2.095655226e-57,2.807617061
3.92,7.566049557e-57,-2.086215837e-57,2.80880783
3.93,7.568966533e-57,-2.076746046e-57,2.810001877
3.94,7.571886887e-57,-2.067233619e-57,2.811200155
3.95,7.574830567e-57,-2.057637802e-57,2.812406374
3.96,7.577775349e-57,-2.048002955e-57,2.813616486
3.97,7.580711212e-57,-2.038349929e-57,2.814828523
3.98,7.583665513e-57,-2.028622151e-57,2.816047699
3.99,7.586638296e-57,-2.018816301e-57,2.817274329
4,7.589614962e-57,-2.008959277e-57,2.818505662
4.01,7.592599666e-57,-1.999054e-57,2.819742614
4.02,7.595613903e-57,-1.989042329e-57,2.82098896
4.03,7.598644266e-57,-1.978957932e-57,2.822242534
4.04,7.60167757e-57,-1.968826e-57,2.82350079
4.05,7.604724022e-57,-1.95862512e-57,2.824765626
4.06,7.607790936e-57,-1.948339004e-57,2.826038527
4.07,7.610854062e-57,-1.938018142e-57,2.827314862
4.08,7.613921509e-57,-1.927648618e-57,2.828595707
4.09,7.617010311e-57,-1.917194033e-57,2.829884236
4.1,7.620106663e-57,-1.906681852e-57,2.831177978
4.11,7.623198234e-57,-1.896138785e-57,2.832474508
4.12,7.626306722e-57,-1.885516709e-57,2.833778157
4.13,7.629426398e-57,-1.874830619e-57,2.83508761
4.14,7.632529155e-57,-1.864136394e-57,2.836397691
4.15,7.635639723e-57,-1.853385162e-57,2.837712692
4.16,7.63876365e-57,-1.842562836e-57,2.839033945
4.17,7.641871711e-57,-1.831732862e-57,2.840355823
4.18,7.644974114e-57,-1.820872465e-57,2.84168032
4.19,7.648089648e-57,-1.809936808e-57,2.843011551
4.2,7.651203584e-57,-1.798964206e-57,2.844346243
4.21,7.65431025e-57,-1.787953894e-57,2.845684371
4.22,7.657426114e-57,-1.776873937e-57,2.847028888
4.23,7.66053993e-57,-1.765752459e-57,2.84837735
4.24,7.663650503e-57,-1.754589731e-57,2.849729598
4.25,7.666766597e-57,-1.743371945e-57,2.851086843
4.26,7.669876324e-57,-1.73212005e-57,2.852447142
4.27,7.672976747e-57,-1.720835528e-57,2.853810244
4.28,7.67607905e-57,-1.709498554e-57,2.855177929
4.29,7.679182214e-57,-1.698110628e-57,2.856550079
4.3,7.682282789e-57,-1.686684339e-57,2.857926039
4.31,7.685381147e-57,-1.67526159e-57,2.859305695
4.32,7.688472584e-57,-1.66375193e-57,2.86068843
4.33,7.691561987e-57,-1.652197481e-57,2.862075024
4.34,7.694652627e-57,-1.640590422e-57,2.863466169
4.35,7.697490498e-57,-1.628954856e-57,2.864859967
4.36,7.700561856e-57,-1.617285871e-57,2.866256509
4.37,7.703634325e-57,-1.605561587e-57,2.867657846
4.38,7.706700017e-57,-1.593800032e-57,2.869062394
4.39,7.709757415e-57,-1.582004954e-57,2.870469777
4.4,7.712812622e-57,-1.570161943e-57,2.871881207
4.41,7.715870391e-57,-1.558258845e-57,2.873297759
4.42,7.718927252e-57,-1.546333061e-57,2.874718952
4.43,7.721970412e-57,-1.534585262e-57,2.876142533
4.44,7.725006104e-57,-1.522779336e-57,2.877569325
4.45,7.728041436e-57,-1.510708141e-57,2.879000256
4.46,7.731065025e-57,-1.498609625e-57,2.880433381
4.47,7.734074685e-57,-1.48648985e-57,2.881868095
4.48,7.737078764e-57,-1.474328292e-57,2.883306154
4.49,7.740071064e-57,-1.462139443e-57,2.88474633
4.5,7.743048477e-57,-1.449930352e-57,2.886188043
4.51,7.746011693e-57,-1.437663734e-57,2.887634525
4.52,7.748973732e-57,-1.425356617e-57,2.889084449
4.53,7.751899164e-57,-1.41302491e-57,2.890536351
4.54,7.754817345e-57,-1.400643824e-57,2.891992432
4.55,7.757719006e-57,-1.38822205e-57,2.893451902
4.56,7.760583016e-57,-1.375785852e-57,2.894912349
4.57,7.763500669e-57,-1.363305872e-57,2.896376533
4.58,7.766414508e-57,-1.350775434e-57,2.897844744
4.59,7.769314939e-57,-1.33822133e-57,2.899314848
4.6,7.77220502e-57,-1.325634571e-57,2.900787453
4.61,7.775087513e-57,-1.31300421e-57,2.902263169
4.62,7.777953336e-57,-1.300358917e-57,2.903740257
4.63,7.780801189e-57,-1.28769398e-57,2.905218308
4.64,7.783640877e-57,-1.274982738e-57,2.906699624
4.65,7.786461569e-57,-1.262276471e-57,2.908182432
4.66,7.78926554e-57,-1.249539483e-57,2.909666451
4.67,7.7920625e-57,-1.236756844e-57,2.911154044
4.68,7.794848974e-57,-1.223932369e-57,2.912644322
4.69,7.797615682e-57,-1.211096463e-57,2.91413521
4.7,7.800365921e-57,-1.198240139e-57,2.915627465
4.71,7.803107764e-57,-1.185340399e-57,2.917123082
4.72,7.805837252e-57,-1.172406616e-57,2.918621334
4.73,7.808550219e-57,-1.159445508e-57,2.920121654
4.74,7.811258868e-57,-1.146436938e-57,2.921625803
4.75,7.813955613e-57,-1.133384609e-57,2.923133439
4.76,7.816636446e-57,-1.12031395e-57,2.92464244
4.77,7.819304915e-57,-1.107222642e-57,2.926152914
4.78,7.821963063e-57,-1.094085075e-57,2.927666888
4.79,7.8245952e-57,-1.080920522e-57,2.92918261
4.8,7.827199031e-57,-1.067757164e-57,2.930697775
4.81,7.82979287e-57,-1.054559217e-57,2.932215384
4.82,7.832377159e-57,-1.041275378e-57,2.933735479
4.83,7.834940521e-57,-1.028041151e-57,2.93525535
4.84,7.837488604e-57,-1.014780762e-57,2.936776992
4.85,7.840109746e-57,-1.001476307e-57,2.938301596
4.86,7.842573881e-57,-9.881586392e-58,2.939827484
4.87,7.845071924e-57,-9.748223029e-58,2.941354329
4.88,7.847554635e-57,-9.61457287e-58,2.942883148
4.89,7.850018619e-57,-9.480735583e-58,2.9444131
4.9,7.852460476e-57,-9.346645701e-58,2.945943499
4.91,7.854886387e-57,-9.212972372e-58,2.947475235
4.92,7.857295826e-57,-9.078790143e-58,2.949008917
4.93,7.85967883e-57,-8.942971767e-58,2.950543096
4.94,7.862043793e-57,-8.808333205e-58,2.952077624
4.95,7.864392913e-57,-8.673414202e-58,2.95361401
4.96,7.866718815e-57,-8.538436869e-58,2.955150452
4.97,7.869020987e-57,-8.403424379e-58,2.956686715
4.98,7.871306036e-57,-8.268170877e-58,2.958224476
4.99,7.873583531e-57,-8.132800297e-58,2.959762719
5,7.875823514e-57,-7.997435724e-58,2.96130048
5.01,7.878028083e-57,-7.861820548e-58,2.962839865
5.02,7.880232881e-57,-7.726019493e-58,2.964380403
5.03,7.88240754e-57,-7.590263998e-58,2.965920137
5.04,7.884600696e-57,-7.454309025e-58,2.967461027
5.05,7.886737617e-57,-7.318184252e-58,2.969002858
5.06,7.888848231e-57,-7.182099237e-58,2.970543943
5.07,7.89093818e-57,-7.045873046e-58,2.972085728
5.08,7.893007317e-57,-6.909529039e-58,2.973628281
5.09,7.895053371e-57,-6.773051596e-58,2.97517085
5.1,7.897074825e-57,-6.636633469e-58,2.976713109
5.11,7.899074454e-57,-6.500157736e-58,2.978255784
5.12,7.901052546e-57,-6.363444096e-58,2.979798824
5.13,7.903003266e-57,-6.226865432e-58,2.981340821
5.14,7.904932422e-57,-6.090173339e-58,2.982883295
5.15,7.906842269e-57,-5.953181942e-58,2.984426841
5.16,7.90872284e-57,-5.816432261e-58,2.985969092
5.17,7.910584569e-57,-5.67946004e-58,2.987512737
5.18,7.912424287e-57,-5.542372988e-58,2.989056961
5.19,7.914236466e-57,-5.405376883e-58,2.990600055
5.2,7.916029351e-57,-5.26822913e-58,2.992143941
5.21,7.91779469e-57,-5.130996624e-58,2.993688065
5.22,7.919539923e-57,-4.993796851e-58,2.995231554
5.23,7.92125804e-57,-4.856496539e-58,2.9967754
5.24,7.922958582e-57,-4.719133794e-58,2.99831938
5.25,7.924627189e-57,-4.581775837e-58,2.999862855
5.26,7.926286141e-57,-4.444313125e-58,3.001406858
5.27,7.927919638e-57,-4.306744127e-58,3.002951297
5.28,7.92952078e-57,-4.169194935e-58,3.004495189
5.29,7.931100778e-57,-4.031454607e-58,3.00604028
5.3,7.932663202e-57,-3.893545585e-58,3.007586486
5.31,7.934201735e-57,-3.755579231e-58,3.009132872
5.32,7.935728348e-57,-3.618199709e-58,3.010680722
5.33,7.937236959e-57,-3.480995264e-58,3.012229523
5.34,7.938734548e-57,-3.342588418e-58,3.013778402
5.35,7.940176819e-57,-3.204124094e-58,3.015327684
5.36,7.941673879e-57,-3.065354797e-58,3.016878571
5.37,7.943079362e-57,-2.926635919e-58,3.018429239
5.38,7.944459726e-57,-2.787898802e-58,3.019979808
5.39,7.945822167e-57,-2.648852122e-58,3.021532563
5.4,7.947159416e-57,-2.509790203e-58,3.023085179
5.41,7.948471503e-57,-2.371026889e-58,3.024636869
5.42,7.949756347e-57,-2.231226704e-58,3.026189565
5.43,7.951022812e-57,-2.091979313e-58,3.027742595
5.44,7.952262563e-57,-1.95280676e-58,3.029294664
5.45,7.953478586e-57,-1.813585909e-58,3.030846734
5.46,7.954671385e-57,-1.674286163e-58,3.032399091
5.47,7.955834543e-57,-1.534946988e-58,3.033951476
5.48,7.956978632e-57,-1.395572963e-58,3.03550383
5.49,7.958079093e-57,-1.256155219e-58,3.037056326
5.5,7.959213218e-57,-1.116643849e-58,3.038609067
5.51,7.960304286e-57,-9.770492076e-59,3.040162224
5.52,7.961352502e-57,-8.374984879e-59,3.041714789
5.53,7.962376705e-57,-6.978696828e-59,3.043267637
5.54,7.963379143e-57,-5.580967166e-59,3.044821274
5.55,7.964356224e-57,-4.183411831e-59,3.046374453
5.56,7.965309614e-57,-2.785255814e-59,3.047927785
5.57,7.966240236e-57,-1.386004249e-59,3.049481684
5.58,7.967145878e-57,1.378072223e-61,3.05103557
5.59,7.968027624e-57,1.41306767e-59,3.052589807
5.6,7.968885925e-57,2.814874265e-59,3.054144738
5.61,7.969718491e-57,4.216087162e-59,3.055699499
5.62,7.970527791e-57,5.620817002e-59,3.05725494
5.63,7.971313456e-57,7.02310804e-59,3.058810762
5.64,7.972074184e-57,8.42631592e-59,3.060366307
5.65,7.972811241e-57,9.830119251e-59,3.061921989
5.66,7.973526446e-57,1.12354965e-58,3.063478586
5.67,7.974216565e-57,1.26409605e-58,3.065035013
5.68,7.974883892e-57,1.404730223e-58,3.066591927
5.69,7.975529394e-57,1.545491829e-58,3.068149665
5.7,7.976146053e-57,1.686342949e-58,3.069707938
5.71,7.976745504e-57,1.827248037e-58,3.071266513
5.72,7.977317883e-57,1.968233591e-58,3.072825558
5.73,7.977865292e-57,2.109345084e-58,3.074385437
5.74,7.978395049e-57,2.25061054e-58,3.075946423
5.75,7.978895278e-57,2.391886177e-58,3.077507381
5.76,7.979369261e-57,2.5332349e-58,3.079068731
5.77,7.979813891e-57,2.674637998e-58,3.080630303
5.78,7.980238919e-57,2.816104691e-58,3.082192205
5.79,7.980639804e-57,2.957644453e-58,3.083754468
5.8,7.981014875e-57,3.099164124e-58,3.085316392
5.81,7.981374432e-57,3.240195732e-58,3.086879004
5.82,7.981702653e-57,3.381952765e-58,3.088442444
5.83,7.982006014e-57,3.523734548e-58,3.090005959
5.84,7.982247096e-57,3.665668795e-58,3.091570919
5.85,7.982553463e-57,3.807802054e-58,3.093136396
5.86,7.982783224e-57,3.949860234e-58,3.094701677
5.87,7.982989287e-57,4.092053519e-58,3.096267887
5.88,7.983171294e-57,4.234367687e-58,3.097834935
5.89,7.983327427e-57,4.376659923e-58,3.099401795
5.9,7.983462175e-57,4.51889122e-58,3.100969576
5.91,7.983569458e-57,4.661386675e-58,3.102537698
5.92,7.983650756e-57,4.803879871e-58,3.10410572
5.93,7.98370771e-57,4.946470656e-58,3.105674371
5.94,7.983740139e-57,5.089166679e-58,3.10724377
5.95,7.983745886e-57,5.231828796e-58,3.108812886
5.96,7.983729156e-57,5.37472366e-58,3.11038366
5.97,7.983686271e-57,5.517601997e-58,3.111954214
5.98,7.983616534e-57,5.66040728e-58,3.113524105
5.99,7.983499595e-57,5.803393836e-58,3.115095394
6,7.983381815e-57,5.94640734e-58,3.116666642
6.01,7.983207405e-57,6.089298325e-58,3.118237055
6.02,7.9830384e-57,6.232409788e-58,3.119808906
6.03,7.982844885e-57,6.375662194e-58,3.121381844
6.04,7.98262547e-57,6.518970092e-58,3.122955119
6.05,7.98238089e-57,6.662374909e-58,3.124529098
6.06,7.982113255e-57,6.806021664e-58,3.126105064
6.07,7.98181988e-57,6.949800215e-58,3.127681855
6.08,7.981500204e-57,7.093527926e-58,3.129258797
6.09,7.981155603e-57,7.237605783e-58,3.130837209
6.1,7.980785015e-57,7.381646722e-58,3.132415963
6.11,7.980387621e-57,7.525771568e-58,3.133994767
6.12,7.979966819e-57,7.669809764e-58,3.135574701
6.13,7.979518387e-57,7.813864331e-58,3.137153922
6.14,7.979044841e-57,7.957985367e-58,3.13873355
6.15,7.978546013e-57,8.102173097e-58,3.140313593
6.16,7.978021227e-57,8.246370959e-58,-3.14129167
6.17,7.977471727e-57,8.390660259e-58,-3.139711008
6.18,7.976895084e-57,8.534984215e-58,-3.13813008
6.19,7.976292057e-57,8.679357753e-58,-3.136548733
6.2,7.975667394e-57,8.82382557e-58,-3.134966622
6.21,7.975007286e-57,8.968293257e-58,-3.13338444
6.22,7.974326716e-57,9.112897599e-58,-3.131801226
6.23,7.973622171e-57,9.257490178e-58,-3.130218061
6.24,7.972885526e-57,9.402072512e-58,-3.128634973
6.25,7.972127916e-57,9.54678667e-58,-3.127050932
6.26,7.971343484e-57,9.691466598e-58,-3.125467116
6.27,7.97053214e-57,9.836106466e-58,-3.123883551
6.28,7.969696245e-57,9.980963147e-58,-3.122298345
6.29,7.968833716e-57,1.012582314e-57,-3.120713051
6.3,7.967956341e-57,1.027007444e-57,-3.119127504
6.31,7.967042955e-57,1.041512104e-57,-3.117540823
6.32,7.966087344e-57,1.056011903e-57,-3.115954252
6.33,7.965124034e-57,1.070518181e-57,-3.114367428
6.34,7.96413149e-57,1.085032513e-57,-3.11277992
6.35,7.96311217e-57,1.099545475e-57,-3.111192452
6.36,7.962066942e-57,1.114066182e-57,-3.109604391
6.37,7.960993144e-57,1.128592708e-57,-3.108016613
6.38,7.959891738e-57,1.143138437e-57,-3.106428265
6.39,7.958769728e-57,1.157642819e-57,-3.104840136
6.4,7.957618746e-57,1.17216258e-57,-3.103252098
6.41,7.956441718e-57,1.186686612e-57,-3.101663749
6.42,7.955238292e-57,1.201211912e-57,-3.100075273
6.43,7.954008135e-57,1.215734138e-57,-3.098486974
6.44,7.952754119e-57,1.230262869e-57,-3.096898141
6.45,7.951473233e-57,1.244791134e-57,-3.095309217
6.46,7.950156071e-57,1.259324862e-57,-3.093719669
6.47,7.948816642e-57,1.273859475e-57,-3.092129941
6.48,7.947464406e-57,1.288398477e-57,-3.090539886
6.49,7.946121174e-57,1.302946286e-57,-3.088949429
6.5,7.944704723e-57,1.317488977e-57,-3.08735884
6.51,7.943261342e-57,1.332027441e-57,-3.085768456
6.52,7.94179141e-57,1.346571435e-57,-3.084177539
6.53,7.940294852e-57,1.361121939e-57,-3.082585991
6.54,7.938770733e-57,1.375658327e-57,-3.080995313
6.55,7.937220573e-57,1.390205479e-57,-3.079403789
6.56,7.935643983e-57,1.404743715e-57,-3.077812553
6.57,7.934040147e-57,1.419271373e-57,-3.076222246
6.58,7.932409536e-57,1.433812501e-57,-3.074631487
6.59,7.93075376e-57,1.448310278e-57,-3.073042078
6.6,7.929070073e-57,1.462782643e-57,-3.071455084
6.61,7.927361499e-57,1.477269973e-57,-3.069866816
6.62,7.925625816e-57,1.491744798e-57,-3.068279833
6.63,7.923862602e-57,1.506182807e-57,-3.066696072
6.64,7.922074553e-57,1.520630231e-57,-3.065111805
6.65,7.920261865e-57,1.535062647e-57,-3.063528774
6.66,7.918421741e-57,1.549465402e-57,-3.061948031
6.67,7.916559568e-57,1.563876971e-57,-3.060366801
6.68,7.914670818e-57,1.57826533e-57,-3.058787233
6.69,7.912755456e-57,1.592637174e-57,-3.057208844
6.7,7.910813009e-57,1.607008571e-57,-3.055630451
6.71,7.908840097e-57,1.621360177e-57,-3.054053355
6.72,7.906847224e-57,1.635691069e-57,-3.052477671
6.73,7.90482707e-57,1.650002885e-57,-3.050903356
6.74,7.902781577e-57,1.664286626e-57,-3.049331116
6.75,7.900711382e-57,1.67855044e-57,-3.047760467
6.76,7.898617024e-57,1.692783288e-57,-3.046192326
6.77,7.896499636e-57,1.706981956e-57,-3.044627168
6.78,7.89436044e-57,1.721146126e-57,-3.043065271
6.79,7.892200239e-57,1.735253309e-57,-3.041508412
6.8,7.89002156e-57,1.749304889e-57,-3.039955957
6.81,7.887805736e-57,1.76340104e-57,-3.038406753
6.82,7.885584081e-57,1.777380123e-57,-3.036861814
6.83,7.883341842e-57,1.791324238e-57,-3.035320034
6.84,7.881065958e-57,1.805222161e-57,-3.033781965
6.85,7.878780843e-57,1.819067546e-57,-3.032248583
6.86,7.876477461e-57,1.832884446e-57,-3.030718499
6.87,7.874157704e-57,1.846660592e-57,-3.029192992
6.88,7.871823394e-57,1.860358086e-57,-3.027675046
6.89,7.869475461e-57,1.873999063e-57,-3.026163296
6.9,7.867110236e-57,1.887582615e-57,-3.024659088
6.91,7.864723978e-57,1.901107529e-57,-3.02316358
6.92,7.862334226e-57,1.914522913e-57,-3.021673441
6.93,7.859928547e-57,1.927894764e-57,-3.02018773
6.94,7.857506156e-57,1.941214142e-57,-3.018706784
6.95,7.855066006e-57,1.954507194e-57,-3.017228574
6.96,7.852607845e-57,1.967775669e-57,-3.015752892
6.97,7.850132475e-57,1.980986243e-57,-3.01428205
6.98,7.847651627e-57,1.994176395e-57,-3.012813549
6.99,7.845140253e-57,2.007345202e-57,-3.011347097
7,7.842611462e-57,2.020459491e-57,-3.009885228
7.01,7.840027665e-57,2.033532979e-57,-3.008426621
7.02,7.837359691e-57,2.046560321e-57,-3.006971289
7.03,7.834834167e-57,2.059534255e-57,-3.005522333
7.04,7.832243308e-57,2.072441366e-57,-3.004078566
7.05,7.829639177e-57,2.08529037e-57,-3.002640156
7.06,7.827023728e-57,2.098058635e-57,-3.001208892
7.07,7.824397298e-57,2.110762207e-57,-2.9997838
7.08,7.821760555e-57,2.12340228e-57,-2.998364898
7.09,7.819115213e-57,2.135954553e-57,-2.996953983
7.1,7.816461816e-57,2.148420848e-57,-2.995550982
7.11,7.813798973e-57,2.160831419e-57,-2.994153676
7.12,7.811128016e-57,2.173148155e-57,-2.99276455
7.13,7.808448253e-57,2.18538903e-57,-2.991382284
7.14,7.805759841e-57,2.197563111e-57,-2.990006312
7.15,7.803068456e-57,2.20959315e-57,-2.98864238
7.16,7.800372269e-57,2.221564404e-57,-2.987285049
7.17,7.79767433e-57,2.233459838e-57,-2.985935977
7.18,7.794982826e-57,2.24518507e-57,-2.984602403
7.19,7.792299141e-57,2.256774192e-57,-2.98328136
7.2,7.789623515e-57,2.268239117e-57,-2.981971799
7.21,7.786945659e-57,2.27966915e-57,-2.980677075
7.22,7.784285491e-57,2.29088764e-57,-2.979395729
7.23,7.781634834e-57,2.301991317e-57,-2.978126883
7.24,7.779002669e-57,2.312885581e-57,-2.976872855
7.25,7.776390832e-57,2.323577483e-57,-2.975634747
7.26,7.773802476e-57,2.334069882e-57,-2.974416116
7.27,7.771229691e-57,2.344511287e-57,-2.973216631
7.28,7.768689158e-57,2.354747691e-57,-2.972039382
7.29,7.766188453e-57,2.364730768e-57,-2.970888591
7.3,7.763731948e-57,2.374459986e-57,-2.969765152
7.31,7.761326147e-57,2.38389102e-57,-2.96867275
7.32,7.758970485e-57,2.393049649e-57,-2.967609662
7.33,7.756651477e-57,2.401945961e-57,-2.966574446
7.34,7.754390209e-57,2.410544421e-57,-2.965568581
7.35,7.752165165e-57,2.418928141e-57,-2.964584934
7.36,7.749968715e-57,2.427132703e-57,-2.963619634
7.37,7.747798529e-57,2.435149923e-57,-2.962672358
7.38,7.745662192e-57,2.44303235e-57,-2.961739174
7.39,7.743533701e-57,2.450738882e-57,-2.960823259
7.4,7.741442625e-57,2.458281376e-57,-2.959925066
7.41,7.739393154e-57,2.465620266e-57,-2.959049062
7.42,7.737400134e-57,2.472684589e-57,-2.958202296
7.43,7.735471638e-57,2.479489967e-57,-2.95738588
7.44,7.733621093e-57,2.485964396e-57,-2.956606495
7.45,7.731855794e-57,2.492095129e-57,-2.955866398
7.46,7.730178911e-57,2.497890523e-57,-2.955165797
7.47,7.72858222e-57,2.50331086e-57,-2.954507451
7.48,7.727086488e-57,2.508386585e-57,-2.953888703
7.49,7.725673612e-57,2.513133073e-57,-2.953307225
7.5,7.724334967e-57,2.51757323e-57,-2.952759611
7.51,7.723055395e-57,2.521771926e-57,-2.952238862
7.52,7.721819765e-57,2.525773519e-57,-2.951738979
7.53,7.720610136e-57,2.529661741e-57,-2.95125145
7.54,7.71941762e-57,2.533449107e-57,-2.950773401
7.55,7.718234904e-57,2.53717006e-57,-2.95030103
7.56,7.717064936e-57,2.540827763e-57,-2.949831356
7.57,7.715907575e-57,2.544454056e-57,-2.949363277
7.58,7.714801265e-57,2.547892351e-57,-2.948903251
7.59,7.713560312e-57,2.551868173e-57,-2.948457763
7.6,7.712487425e-57,2.555236829e-57,-2.948031765
7.61,7.711479042e-57,2.55839048e-57,-2.947632267
7.62,7.710536895e-57,2.561320129e-57,-2.947260805
7.63,7.709664324e-57,2.564042665e-57,-2.946915903
7.64,7.70885018e-57,2.566577438e-57,-2.94659455
7.65,7.708080783e-57,2.568973215e-57,-2.946291028
7.66,7.707341417e-57,2.571277339e-57,-2.945999438
7.67,7.706617755e-57,2.573537818e-57,-2.945713964
7.68,7.705899686e-57,2.575779478e-57,-2.945430914
7.69,7.705179575e-57,2.578031019e-57,-2.945147059
7.7,7.704455173e-57,2.580300335e-57,-2.944861477
7.71,7.703729994e-57,2.582571444e-57,-2.944575778
7.72,7.703010017e-57,2.584827597e-57,-2.944292228
7.73,7.702303041e-57,2.587043947e-57,-2.944013912
7.74,7.701617506e-57,2.589194877e-57,-2.943744102
7.75,7.700961951e-57,2.591252877e-57,-2.943486177
7.76,7.700343397e-57,2.59319599e-57,-2.943242875
7.77,7.699766154e-57,2.595015267e-57,-2.943015665
7.78,7.699233268e-57,2.596696037e-57,-2.94280595
7.79,7.698744133e-57,2.598240716e-57,-2.942613447
7.8,7.698295469e-57,2.599665289e-57,-2.942436392
7.81,7.697882216e-57,2.600983574e-57,-2.942273228
7.82,7.697498916e-57,2.60221233e-57,-2.942121856
7.83,7.697141414e-57,2.603360552e-57,-2.94198036
7.84,7.696803544e-57,2.604457152e-57,-2.94184652
7.85,7.696485958e-57,2.605496366e-57,-2.941720173
7.86,7.696189517e-57,2.606473635e-57,-2.941601951
7.87,7.695916432e-57,2.607385822e-57,-2.941492548
7.88,7.695671968e-57,2.608213351e-57,-2.941394153
7.89,7.695461451e-57,2.608939811e-57,-2.941308832
7.9,7.695289348e-57,2.60955512e-57,-2.941238156
7.91,7.69516087e-57,2.610038595e-57,-2.941184346
7.92,7.695077902e-57,2.610382167e-57,-2.941148345
7.93,7.695036914e-57,2.610589454e-57,-2.941128861
7.94,7.695025655e-57,2.610698788e-57,-2.941121217
7.95,7.695027652e-57,2.610774705e-57,-2.941118284
7.96,7.695028712e-57,2.610858488e-57,-2.941114889
7.97,7.695019019e-57,2.610976301e-57,-2.941107152
7.98,7.694990488e-57,2.611156086e-57,-2.941092284
7.99,7.694942913e-57,2.611393641e-57,-2.941069807
8,7.694877447e-57,2.61168612e-57,-2.941040386
8.01,7.69479841e-57,2.612023973e-57,-2.941005408
8.02,7.694712131e-57,2.612383534e-57,-2.940967773
8.03,7.694625819e-57,2.612738536e-57,-2.940930333
8.04,7.694542892e-57,2.61308619e-57,-2.940894357
8.05,7.694467234e-57,2.613412512e-57,-2.940861306
8.06,7.69440206e-57,2.613702033e-57,-2.940832107
8.07,7.694345284e-57,2.613964481e-57,-2.940806226
8.08,7.694294189e-57,2.6142109e-57,-2.94078249
8.09,7.694245641e-57,2.614452224e-57,-2.940759626
8.1,7.69419714e-57,2.61469457e-57,-2.940736731
8.11,7.694146724e-57,2.614942723e-57,-2.940713098
8.12,7.694093001e-57,2.615200391e-57,-2.940688212
8.13,7.694035302e-57,2.615470221e-57,-2.940661788
8.14,7.693973823e-57,2.615752229e-57,-2.940633874
8.15,7.693908467e-57,2.616049826e-57,-2.940604636
8.16,7.693842797e-57,2.616347205e-57,-2.940574993
8.17,7.693777846e-57,2.616640395e-57,-2.940545719
8.18,7.693714784e-57,2.616928542e-57,-2.940517147
8.19,7.693655793e-57,2.61720576e-57,-2.940489726
8.2,7.693601062e-57,2.617466555e-57,-2.940464467
8.21,7.693551015e-57,2.617712005e-57,-2.940441067
8.22,7.693504558e-57,2.617948218e-57,-2.940418984
8.23,7.69346105e-57,2.618174765e-57,-2.940398073
8.24,7.693419449e-57,2.618395208e-57,-2.940377913
8.25,7.693378808e-57,2.618614232e-57,-2.940358061
8.26,7.69333915e-57,2.618828814e-57,-2.940338653
8.27,7.693299466e-57,2.619046461e-57,-2.940319106
8.28,7.6932602e-57,2.619259698e-57,-2.94029986
8.29,7.693219968e-57,2.619481193e-57,-2.94028001
8.3,7.693179851e-57,2.619699082e-57,-2.940260348
8.31,7.693139115e-57,2.61992095e-57,-2.940240357
8.32,7.693098308e-57,2.620141035e-57,-2.940220427
8.33,7.693057063e-57,2.620363674e-57,-2.940200276
8.34,7.69301565e-57,2.620586456e-57,-2.940180079
8.35,7.692974525e-57,2.620805139e-57,-2.940160134
8.36,7.692932755e-57,2.621029157e-57,-2.940139795
8.37,7.692891338e-57,2.62124815e-57,-2.940119765
8.38,7.69285001e-57,2.621465028e-57,-2.940099851
8.39,7.692809239e-57,2.621676946e-57,-2.940080296
8.4,7.692771478e-57,2.621863546e-57,-2.940062599
8.41,7.692735872e-57,2.622035412e-57,-2.940046096
8.42,7.692699315e-57,2.622221432e-57,-2.940028745
8.43,7.692663482e-57,2.622403154e-57,-2.940011759
8.44,7.692628474e-57,2.622578061e-57,-2.939995276
8.45,7.692592387e-57,2.622763061e-57,-2.939978082
8.46,7.692556641e-57,2.622942976e-57,-2.939961199
8.47,7.692520784e-57,2.62312191e-57,-2.939944332
8.48,7.692483745e-57,2.623309963e-57,-2.939926777
8.49,7.692446949e-57,2.623494851e-57,-2.939909405
8.5,7.692409839e-57,2.623682792e-57,-2.939891836
8.51,7.692373215e-57,2.623867508e-57,-2.939874528
8.52,7.692337506e-57,2.624044551e-57,-2.939857782
8.53,7.692301429e-57,2.624223667e-57,-2.939840862
8.54,7.692264385e-57,2.624409775e-57,-2.93982339
8.55,7.692227355e-57,2.624594267e-57,-2.939805993
8.56,7.692190334e-57,2.624778691e-57,-2.939788609
8.57,7.692153498e-57,2.624965125e-57,-2.939771179
8.58,7.692118135e-57,2.625149144e-57,-2.93975423
8.59,7.692085999e-57,2.62532029e-57,-2.939738658
8.6,7.692057716e-57,2.625480389e-57,-2.939724544
8.61,7.692034437e-57,2.625625062e-57,-2.939712367
8.62,7.69201593e-57,2.625753373e-57,-2.939702126
8.63,7.69200084e-57,2.625874405e-57,-2.939693049
8.64,7.691988554e-57,2.625985219e-57,-2.939685135
8.65,7.691977671e-57,2.626091393e-57,-2.939677778
8.66,7.69196669e-57,2.626199304e-57,-2.939670322
8.67,7.691954923e-57,2.62631003e-57,-2.939662545
8.68,7.691941976e-57,2.626424979e-57,-2.939654286
8.69,7.691927779e-57,2.626543624e-57,-2.93964555
8.7,7.691912523e-57,2.626664504e-57,-2.939636449
8.71,7.691896634e-57,2.626786271e-57,-2.939627148
8.72,7.691880422e-57,2.626910719e-57,-2.939617651
8.73,7.691864783e-57,2.62703845e-57,-2.939608158
8.74,7.691852436e-57,2.627152897e-57,-2.939600075
8.75,7.691844225e-57,2.627253001e-57,-2.939593664
8.76,7.691840116e-57,2.627339659e-57,-2.939588877
8.77,7.691839064e-57,2.627419494e-57,-2.939585162
8.78,7.691840757e-57,2.627491e-57,-2.939582504
8.79,7.691844759e-57,2.627552988e-57,-2.939580844
8.8,7.691849458e-57,2.627615287e-57,-2.939579348
8.81,7.6918543e-57,2.627680278e-57,-2.939577772
8.82,7.691860072e-57,2.627737452e-57,-2.939576771
8.83,7.691865685e-57,2.62779665e-57,-2.939575641
8.84,7.691871707e-57,2.627856014e-57,-2.939574609
8.85,7.691879845e-57,2.627912705e-57,-2.93957423
8.86,7.691893448e-57,2.627953801e-57,-2.939575913
8.87,7.691915314e-57,2.627975725e-57,-2.939580864
8.88,7.691952834e-57,2.627947001e-57,-2.93959164
8.89,7.692008657e-57,2.627864896e-57,-2.939609373
8.9,7.692086194e-57,2.627722161e-57,-2.939635243
8.91,7.692189927e-57,2.627495104e-57,-2.939671413
8.92,7.692319839e-57,2.627192887e-57,-2.939717484
8.93,7.692476388e-57,2.626811231e-57,-2.93977376
8.94,7.692659008e-57,2.626347894e-57,-2.939840198
8.95,7.692864146e-57,2.625820545e-57,-2.939915132
8.96,7.693089895e-57,2.625234708e-57,-2.939997844
8.97,7.693336384e-57,2.624592556e-57,-2.940088274
8.98,7.693606156e-57,2.623880351e-57,-2.940187668
8.99,7.693900507e-57,2.623093821e-57,-2.940296544
9,7.694219083e-57,2.622236009e-57,-2.940414686
9.01,7.694560847e-57,2.621307815e-57,-2.940541797
9.02,7.694924479e-57,2.620313279e-57,-2.940677372
9.03,7.69530888e-57,2.619261182e-57,-2.940820757
9.04,7.695714671e-57,2.618144705e-57,-2.940972411
9.05,7.696142456e-57,2.616962469e-57,-2.941132555
9.06,7.696593536e-57,2.615708955e-57,-2.941301767
9.07,7.697067366e-57,2.614391973e-57,-2.941479575
9.08,7.697563955e-57,2.613004201e-57,-2.941666311
9.09,7.698081061e-57,2.611552116e-57,-2.94186113
9.1,7.698615221e-57,2.610047038e-57,-2.942062666
9.11,7.699162468e-57,2.608503806e-57,-2.942269268
9.12,7.699719424e-57,2.606933332e-57,-2.942479606
9.13,7.700283582e-57,2.605339209e-57,-2.942692887
9.14,7.700852053e-57,2.603735354e-57,-2.94290777
9.15,7.70142449e-57,2.602119207e-57,-2.943124282
9.16,7.7020015e-57,2.600489187e-57,-2.943342646
9.17,7.702584876e-57,2.598840626e-57,-2.943563528
9.18,7.703176747e-57,2.59716553e-57,-2.943787824
9.19,7.703779245e-57,2.595453307e-57,-2.944016548
9.2,7.704392788e-57,2.593705184e-57,-2.944249758
9.21,7.705093986e-57,2.591956656e-57,-2.944486503
9.22,7.70580158e-57,2.590161422e-57,-2.944728411
9.23,7.706447253e-57,2.588308179e-57,-2.944974738
9.24,7.707043914e-57,2.586421458e-57,-2.945223519
9.25,7.707698816e-57,2.584531898e-57,-2.945474015
9.26,7.708354484e-57,2.582632281e-57,-2.945725265
9.27,7.709010232e-57,2.580721124e-57,-2.945977164
9.28,7.709665985e-57,2.578804193e-57,-2.946229436
9.29,7.710324009e-57,2.576875624e-57,-2.946482921
9.3,7.710987522e-57,2.574930797e-57,-2.946738645
9.31,7.711660971e-57,2.572951417e-57,-2.946998563
9.32,7.712347734e-57,2.570927146e-57,-2.947264003
9.33,7.713049974e-57,2.568854003e-57,-2.947535705
9.34,7.713769001e-57,2.566727661e-57,-2.947814203
9.35,7.714505516e-57,2.564539039e-57,-2.948100098
9.36,7.715257519e-57,2.562292487e-57,-2.948392698
9.37,7.71602117e-57,2.560000016e-57,-2.948690496
9.38,7.716792415e-57,2.557672115e-57,-2.948991995
9.39,7.717569637e-57,2.555293697e-57,-2.94929748
9.4,7.718349737e-57,2.552873491e-57,-2.949605779
9.41,7.719128618e-57,2.5504393e-57,-2.949914589
9.42,7.71990805e-57,2.547965744e-57,-2.950225527
9.43,7.720690496e-57,2.545434107e-57,-2.950540085
9.44,7.721472845e-57,2.542891687e-57,-2.950855315
9.45,7.72225863e-57,2.540311971e-57,-2.951173334
9.46,7.723050776e-57,2.537674691e-57,-2.951495831
9.47,7.723849736e-57,2.534983121e-57,-2.951822783
9.48,7.724657331e-57,2.532221384e-57,-2.952155401
9.49,7.725473797e-57,2.529387638e-57,-2.95249385
9.5,7.726296477e-57,2.526510253e-57,-2.952836156
9.51,7.727125214e-57,2.523584556e-57,-2.953182508
9.52,7.727959486e-57,2.520607339e-57,-2.953532938
9.53,7.728798623e-57,2.517577479e-57,-2.953887344
9.54,7.729641454e-57,2.514504544e-57,-2.954244994
9.55,7.730485626e-57,2.511411629e-57,-2.95460422
9.56,7.731331734e-57,2.508287104e-57,-2.954965726
9.57,7.73218168e-57,2.505109167e-57,-2.955331034
9.58,7.733035683e-57,2.501880008e-57,-2.95570011
9.59,7.733891843e-57,2.498625876e-57,-2.956071247
9.6,7.734754582e-57,2.495299038e-57,-2.95644784
9.61,7.735622009e-57,2.491928857e-57,-2.956828034
9.62,7.736494707e-57,2.488511188e-57,-2.95721219
9.63,7.737373967e-57,2.485033691e-57,-2.957601241
9.64,7.73825856e-57,2.481509634e-57,-2.957994259
9.65,7.739150518e-57,2.477910187e-57,-2.95839316
9.66,7.740047317e-57,2.474263833e-57,-2.958795959
9.67,7.740948035e-57,2.470578516e-57,-2.959202055
9.68,7.741855757e-57,2.466814281e-57,-2.959614178
9.69,7.74276851e-57,2.462995664e-57,-2.960030667
9.7,7.743685018e-57,2.459136978e-57,-2.960450519
9.71,7.744609946e-57,2.455181511e-57,-2.960877702
9.72,7.745540955e-57,2.45116363e-57,-2.961309977
9.73,7.746476025e-57,2.447108923e-57,-2.9617456
9.74,7.747418607e-57,2.442973038e-57,-2.962187644
9.75,7.74836637e-57,2.438787837e-57,-2.962633977
9.76,7.749320204e-57,2.434538271e-57,-2.963085589
9.77,7.750281734e-57,2.43020491e-57,-2.963543884
9.78,7.751245743e-57,2.425852111e-57,-2.96400437
9.79,7.752215411e-57,2.421431931e-57,-2.964470254
9.8,7.753190077e-57,2.416956386e-57,-2.964940797
9.81,7.754168653e-57,2.412443442e-57,-2.965414844
9.82,7.755153866e-57,2.407866809e-57,-2.965894426
9.83,7.756145518e-57,2.403244546e-57,-2.966378609
9.84,7.757144999e-57,2.398578338e-57,-2.966867677
9.85,7.758156037e-57,2.393846973e-57,-2.967363672
9.86,7.75918168e-57,2.389036202e-57,-2.967868122
9.87,7.760222574e-57,2.384159525e-57,-2.968380534
9.88,7.761281061e-57,2.379190047e-57,-2.968902913
9.89,7.762355941e-57,2.374137427e-57,-2.9694345
9.9,7.763444307e-57,2.369025535e-57,-2.969973367
9.91,7.764546547e-57,2.363832422e-57,-2.970520778
9.92,7.765661181e-57,2.358570091e-57,-2.971075776
9.93,7.766787589e-57,2.353239022e-57,-2.971638213
9.94,7.767925884e-57,2.347828156e-57,-2.97220873
9.95,7.769072903e-57,2.342364784e-57,-2.972785137
9.96,7.77022772e-57,2.33683492e-57,-2.973367962
9.97,7.771386796e-57,2.331265293e-57,-2.973954935
9.98,7.772547124e-57,2.325677838e-57,-2.97454415
9.99,7.773710231e-57,2.320041104e-57,-2.975137679
10,7.774875334e-57,2.314370563e-57,-2.975734523
10.01,7.77604715e-57,2.308650387e-57,-2.976335885
10.02,7.777218222e-57,2.302882923e-57,-2.976941494
10.03,7.77839014e-57,2.29710616e-57,-2.977548869
10.04,7.779566453e-57,2.291269802e-57,-2.978161638
10.05,7.780748166e-57,2.285368991e-57,-2.978780352
10.06,7.781932323e-57,2.279449972e-57,-2.979401776
10.07,7.783119673e-57,2.273485477e-57,-2.980027604
10.08,7.784308748e-57,2.267484674e-57,-2.980656986
10.09,7.785496891e-57,2.261472285e-57,-2.981287909
10.1,7.78668361e-57,2.25543849e-57,-2.981920798
10.11,7.787867847e-57,2.249390387e-57,-2.982555006
10.12,7.789048715e-57,2.243336342e-57,-2.983189848
10.13,7.790226084e-57,2.237275937e-57,-2.983825321
10.14,7.791400587e-57,2.231197423e-57,-2.984462246
10.15,7.792572316e-57,2.225100813e-57,-2.985100657
10.16,7.793740756e-57,2.218995709e-57,-2.985739891
10.17,7.794905964e-57,2.212884254e-57,-2.986379846
10.18,7.796068201e-57,2.206772903e-57,-2.987020223
10.19,7.797229345e-57,2.20064527e-57,-2.987662432
10.2,7.798390636e-57,2.194504769e-57,-2.988306599
10.21,7.79955436e-57,2.188330255e-57,-2.988954523
10.22,7.800721611e-57,2.182122925e-57,-2.98960643
10.23,7.801892075e-57,2.175904227e-57,-2.990261017
10.24,7.80306802e-57,2.169630128e-57,-2.990921422
10.25,7.80424794e-57,2.163323976e-57,-2.991585936
10.26,7.805429758e-57,2.157002158e-57,-2.992253095
10.27,7.806612828e-57,2.150638751e-57,-2.99292427
10.28,7.807792995e-57,2.144278332e-57,-2.993595809
10.29,7.808967917e-57,2.137923507e-57,-2.994266968
10.3,7.81013674e-57,2.131564441e-57,-2.994938112
10.31,7.811298328e-57,2.125214015e-57,-2.995608192
10.32,7.812452733e-57,2.118873813e-57,-2.996277119
10.33,7.813601523e-57,2.112544762e-57,-2.996945227
10.34,7.814748505e-57,2.106201645e-57,-2.997614984
10.35,7.815893535e-57,2.09983861e-57,-2.998288251
10.36,7.817048699e-57,2.09342765e-57,-2.998965845
10.37,7.818207816e-57,2.08697378e-57,-2.99964919
10.38,7.819373315e-57,2.080472735e-57,-3.000338323
10.39,7.820544095e-57,2.073929588e-57,-3.001032686
10.4,7.821718186e-57,2.067349877e-57,-3.001731468
10.41,7.822892619e-57,2.060745736e-57,-3.002433199
10.42,7.82406473e-57,2.054123536e-57,-3.003136829
10.43,7.8252319e-57,2.047512177e-57,-3.003839916
10.44,7.826393639e-57,2.040908271e-57,-3.004542541
10.45,7.827551185e-57,2.03428491e-57,-3.005246695
10.46,7.828704457e-57,2.027667805e-57,-3.005950756
10.47,7.829854815e-57,2.021034921e-57,-3.006656447
10.48,7.831003537e-57,2.014377045e-57,-3.007364682
10.49,7.83215086e-57,2.007721751e-57,-3.008073786
10.5,7.833298699e-57,2.001031833e-57,-3.008786605
10.51,7.834447712e-57,1.994310219e-57,-3.009503139
10.52,7.83559758e-57,1.987570067e-57,-3.010222484
10.53,7.836748317e-57,1.98079231e-57,-3.010945882
10.54,7.837899042e-57,1.973985247e-57,-3.011672599
10.55,7.839048546e-57,1.967159594e-57,-3.012401658
10.56,7.840196364e-57,1.96030827e-57,-3.013133415
10.57,7.841342437e-57,1.953432984e-57,-3.013867759
10.58,7.842486968e-57,1.946530912e-57,-3.014604942
10.59,7.843629837e-57,1.93959738e-57,-3.015345257
10.6,7.844766789e-57,1.93263915e-57,-3.016087956
10.61,7.845910521e-57,1.925671927e-57,-3.016832079
10.62,7.847037586e-57,1.918696285e-57,-3.017576597
10.63,7.848168987e-57,1.911721498e-57,-3.018321364
10.64,7.849277818e-57,1.904741534e-57,-3.019065904
10.65,7.850390379e-57,1.89776406e-57,-3.019810574
10.66,7.851491591e-57,1.890771728e-57,-3.020556208
10.67,7.852593258e-57,1.883789479e-57,-3.021301538
10.68,7.853690295e-57,1.876803787e-57,-3.02204746
10.69,7.854787631e-57,1.869788081e-57,-3.022796186
10.7,7.855881716e-57,1.862759108e-57,-3.023546532
10.71,7.856968865e-57,1.855707366e-57,-3.024299065
10.72,7.858052781e-57,1.848634285e-57,-3.0250538
10.73,7.859133036e-57,1.841556485e-57,-3.0258095
10.74,7.860209398e-57,1.834452367e-57,-3.026567601
10.75,7.861281595e-57,1.827338536e-57,-3.027326904
10.76,7.862349172e-57,1.820224981e-57,-3.028086605
10.77,7.86341193e-57,1.81308334e-57,-3.028848636
10.78,7.864469544e-57,1.80594914e-57,-3.029610446
10.79,7.86552179e-57,1.798809572e-57,-3.030372874
10.8,7.86656838e-57,1.791658148e-57,-3.031136528
10.81,7.867640979e-57,1.784372162e-57,-3.031900263
10.82,7.868677887e-57,1.77721371e-57,-3.032664974
10.83,7.869710226e-57,1.77002075e-57,-3.03343258
10.84,7.870738111e-57,1.76282387e-57,-3.034200943
10.85,7.871761778e-57,1.755614073e-57,-3.034970765
10.86,7.872746869e-57,1.748371126e-57,-3.035743143
10.87,7.873730644e-57,1.741107482e-57,-3.036518076
10.88,7.874746677e-57,1.7338189e-57,-3.037296606
10.89,7.875761281e-57,1.726508019e-57,-3.038078043
10.9,7.876774279e-57,1.719186394e-57,-3.038861515
10.91,7.877785435e-57,1.711831163e-57,-3.03964864
10.92,7.878794466e-57,1.704446016e-57,-3.040439102
10.93,7.879800521e-57,1.697045268e-57,-3.041231656
10.94,7.880802176e-57,1.68962169e-57,-3.042026494
10.95,7.88179847e-57,1.682201554e-57,-3.042821449
10.96,7.882788024e-57,1.674776735e-57,-3.043616861
10.97,7.883770196e-57,1.667345461e-57,-3.044412738
10.98,7.884750181e-57,1.659914896e-57,-3.045207183
10.99,7.885718976e-57,1.652491546e-57,-3.046002375
11,7.886681514e-57,1.645058531e-57,-3.046798445
11.01,7.887654662e-57,1.637564018e-57,-3.047594662
11.02,7.88860681e-57,1.630117944e-57,-3.048392569
11.03,7.889555221e-57,1.622657037e-57,-3.049192387
11.04,7.890500171e-57,1.615176504e-57,-3.04999456
11.05,7.891441375e-57,1.607674172e-57,-3.050799196
11.06,7.892378441e-57,1.600160765e-57,-3.051605392
11.07,7.893310418e-57,1.592637151e-57,-3.052412854
11.08,7.894236545e-57,1.585109628e-57,-3.053220916
11.09,7.895156282e-57,1.577577926e-57,-3.054029468
11.1,7.896069429e-57,1.570038763e-57,-3.054838719
11.11,7.896976437e-57,1.562495472e-57,-3.055648526
11.12,7.897877682e-57,1.554944699e-57,-3.056459247
11.13,7.898774064e-57,1.547392072e-57,-3.057270669
11.14,7.89966496e-57,1.53982382e-57,-3.05808397
11.15,7.900538815e-57,1.532228134e-57,-3.058899942
11.16,7.901415026e-57,1.524620819e-57,-3.059717897
11.17,7.902274247e-57,1.516986251e-57,-3.060538586
11.18,7.903125608e-57,1.509336194e-57,-3.061361314
11.19,7.904056791e-57,1.501687792e-57,-3.062186481
11.2,7.904924334e-57,1.494012208e-57,-3.063012995
11.21,7.905786387e-57,1.486337637e-57,-3.063839886
11.22,7.906642533e-57,1.478649682e-57,-3.06466821
11.23,7.907493657e-57,1.470948582e-57,-3.065498174
11.24,7.908400521e-57,1.463249107e-57,-3.066330251
11.25,7.909244277e-57,1.455510468e-57,-3.067165089
11.26,7.910085055e-57,1.447747536e-57,-3.068003012
11.27,7.910922241e-57,1.439955512e-57,-3.068844277
11.28,7.911754902e-57,1.432143793e-57,-3.069687907
11.29,7.912582486e-57,1.424319932e-57,-3.070532745
11.3,7.913402539e-57,1.416496006e-57,-3.071377759
11.31,7.91421574e-57,1.408679802e-57,-3.072221744
11.32,7.915018595e-57,1.400876617e-57,-3.073064842
11.33,7.915814141e-57,1.393064019e-57,-3.073908027
11.34,7.916598665e-57,1.385267542e-57,-3.074750705
11.35,7.917378325e-57,1.3774724e-57,-3.075592976
11.36,7.918147558e-57,1.369673661e-57,-3.076436544
11.37,7.918919001e-57,1.361838108e-57,-3.077281319
11.38,7.919682717e-57,1.354010414e-57,-3.078126542
11.39,7.920436935e-57,1.346170137e-57,-3.078973957
11.4,7.921185484e-57,1.338322733e-57,-3.079822574
11.41,7.921928638e-57,1.330467325e-57,-3.080672314
11.42,7.922665264e-57,1.322592646e-57,-3.081523994
11.43,7.923395997e-57,1.314715394e-57,-3.082376351
11.44,7.924120029e-57,1.306829982e-57,-3.08322967
11.45,7.924836888e-57,1.298935176e-57,-3.08408395
11.46,7.925545742e-57,1.291044091e-57,-3.084938097
11.47,7.926247067e-57,1.283139736e-57,-3.085793306
11.48,7.926941858e-57,1.275244451e-57,-3.086647962
11.49,7.927631255e-57,1.267359852e-57,-3.087502046
11.5,7.928310274e-57,1.259447415e-57,-3.08835841
11.51,7.928984378e-57,1.25153524e-57,-3.089215222
11.52,7.929654352e-57,1.243628337e-57,-3.09007218
11.53,7.930315164e-57,1.235683518e-57,-3.09093246
11.54,7.930973044e-57,1.227741212e-57,-3.091793349
11.55,7.931626742e-57,1.219789583e-57,-3.092655691
11.56,7.93227271e-57,1.211802786e-57,-3.093521373
11.57,7.932909187e-57,1.203815197e-57,-3.094387794
11.58,7.93354557e-57,1.195821387e-57,-3.095255588
11.59,7.934175433e-57,1.187795833e-57,-3.096126517
11.6,7.93479692e-57,1.179763394e-57,-3.096998654
11.61,7.935412495e-57,1.171722054e-57,-3.097872127
11.62,7.936020898e-57,1.163659688e-57,-3.098747732
11.63,7.936622892e-57,1.155595946e-57,-3.099623891
11.64,7.937217231e-57,1.147525239e-57,-3.10050081
11.65,7.937803655e-57,1.139452378e-57,-3.101377993
11.66,7.938382597e-57,1.131387996e-57,-3.102254575
11.67,7.938953312e-57,1.123318715e-57,-3.103131596
11.68,7.939516541e-57,1.115246728e-57,-3.104009038
11.69,7.940072639e-57,1.107169752e-57,-3.104887201
11.7,7.94062068e-57,1.099073106e-57,-3.105767325
11.71,7.941173213e-57,1.090925262e-57,-3.106647869
11.72,7.941710067e-57,1.082821617e-57,-3.10752983
11.73,7.942238869e-57,1.074678946e-57,-3.108415465
11.74,7.942762211e-57,1.066535588e-57,-3.109301843
11.75,7.943279361e-57,1.058396582e-57,-3.110188306
11.76,7.943767676e-57,1.050231962e-57,-3.111076525
11.77,7.944272947e-57,1.042084966e-57,-3.111963702
11.78,7.944764919e-57,1.033960195e-57,-3.11284889
11.79,7.945246047e-57,1.025821647e-57,-3.113734777
11.8,7.945719784e-57,1.017706203e-57,-3.114618706
11.81,7.946185506e-57,1.009603641e-57,-3.115501482
11.82,7.946641701e-57,1.001488578e-57,-3.116385155
11.83,7.947091545e-57,9.933902215e-58,-3.117267705
11.84,7.947527656e-57,9.853118685e-58,-3.118150876
11.85,7.947961336e-57,9.77202315e-58,-3.119034601
11.86,7.948391156e-57,9.690934995e-58,-3.119917671
11.87,7.948818217e-57,9.609457926e-58,-3.120801949
11.88,7.949229844e-57,9.528271892e-58,-3.121687271
11.89,7.949634933e-57,9.447107824e-58,-3.122572814
11.9,7.950031981e-57,9.365845391e-58,-3.123459391
11.91,7.950420966e-57,9.284528103e-58,-3.124346579
11.92,7.950803127e-57,9.203340221e-58,-3.125232874
11.93,7.951177718e-57,9.122221187e-58,-3.126118683
11.94,7.95154397e-57,9.041044681e-58,-3.127005062
11.95,7.951904737e-57,8.959990756e-58,-3.12789092
11.96,7.952259651e-57,8.87896347e-58,-3.128777112
11.97,7.952607492e-57,8.797812766e-58,-3.129664832
11.98,7.952950828e-57,8.716810744e-58,-3.130551997
11.99,7.953286342e-57,8.635986234e-58,-3.131438141
12,7.953611276e-57,8.55502232e-58,-3.132325494
12.01,7.953921875e-57,8.474164028e-58,-3.133212017
12.02,7.954216313e-57,8.393465416e-58,-3.134097118
12.03,7.954515413e-57,8.312857128e-58,-3.134981649
12.04,7.954815229e-57,8.232466233e-58,-3.13586457
12.05,7.955048188e-57,8.152126609e-58,-3.136745918
12.06,7.955362957e-57,8.072031135e-58,-3.137627065
12.07,7.955648824e-57,7.992182007e-58,-3.138506064
12.08,7.95602379e-57,7.912620511e-58,-3.139384926
12.09,7.956227357e-57,7.832674906e-58,-3.140264079
12.1,7.956496449e-57,7.753218869e-58,-3.141141422
12.11,7.956760118e-57,7.673765957e-58,3.141165951
12.12,7.957016312e-57,7.594141003e-58,3.140286113
12.13,7.957269166e-57,7.514716737e-58,3.139407218
12.14,7.957519552e-57,7.435522773e-58,3.138529713
12.15,7.957763322e-57,7.356291892e-58,3.137651169
12.16,7.958001265e-57,7.276952017e-58,3.136770983
12.17,7.958235983e-57,7.197633481e-58,3.135890196
12.18,7.958464103e-57,7.118286845e-58,3.135008072
12.19,7.958686546e-57,7.038695503e-58,3.134123948
12.2,7.958901111e-57,6.959123374e-58,3.133239245
12.21,7.959110174e-57,6.87963115e-58,3.132355315
12.22,7.959314224e-57,6.800226576e-58,3.131472725
12.23,7.959509297e-57,6.720911784e-58,3.130590939
12.24,7.959691481e-57,6.641833641e-58,3.129710005
12.25,7.959875997e-57,6.562559934e-58,3.128830367
12.26,7.960048675e-57,6.483492752e-58,3.127951423
12.27,7.960216561e-57,6.404624341e-58,3.127074153
12.28,7.960373779e-57,6.325957904e-58,3.126197451
12.29,7.960524231e-57,6.247366222e-58,3.125321277
12.3,7.960672319e-57,6.16917944e-58,3.124448141
12.31,7.960811628e-57,6.090930481e-58,3.123574562
12.32,7.960943083e-57,6.012666855e-58,3.122700829
12.33,7.961074933e-57,5.934925042e-58,3.12183094
12.34,7.96119984e-57,5.857279782e-58,3.120961759
12.35,7.961316411e-57,5.779563609e-58,3.120091954
12.36,7.961431011e-57,5.702169867e-58,3.119224515
12.37,7.961536389e-57,5.624839884e-58,3.11835767
12.38,7.961635949e-57,5.547575648e-58,3.117491358
12.39,7.96173159e-57,5.470501671e-58,3.116626523
12.4,7.961819382e-57,5.393403523e-58,3.115761539
12.41,7.961898868e-57,5.316371951e-58,3.114897113
12.42,7.961980132e-57,5.239708733e-58,3.114035394
12.43,7.962051876e-57,5.163208891e-58,3.113175102
12.44,7.962118729e-57,5.086728377e-58,3.112314933
12.45,7.962175968e-57,5.010590761e-58,3.111457624
12.46,7.962235077e-57,4.934627557e-58,3.110601608
12.47,7.962277793e-57,4.858785274e-58,3.109746985
12.48,7.962316761e-57,4.783278397e-58,3.108895151
12.49,7.962356172e-57,4.707865938e-58,3.108044054
12.5,7.962391199e-57,4.632699096e-58,3.107195022
12.51,7.962421318e-57,4.558095105e-58,3.106350724
12.52,7.962453026e-57,4.483851742e-58,3.105509465
12.53,7.962480175e-57,4.409884929e-58,3.104670732
12.54,7.962506051e-57,4.336381949e-58,3.103835887
12.55,7.962527621e-57,4.263127731e-58,3.10300324
12.56,7.962543347e-57,4.189994182e-58,3.102171714
12.57,7.962558136e-57,4.117284474e-58,3.101343613
12.58,7.962571172e-57,4.044966877e-58,3.100518796
12.59,7.962581776e-57,3.973017977e-58,3.099696976
12.6,7.962599505e-57,3.900770383e-58,3.098878097
12.61,7.96260304e-57,3.829301269e-58,3.098060521
12.62,7.962601439e-57,3.757958253e-58,3.097244066
12.63,7.962597034e-57,3.68687542e-58,3.096429742
12.64,7.962589826e-57,3.616044185e-58,3.095617471
12.65,7.962576445e-57,3.545254618e-58,3.094805638
12.66,7.96255737e-57,3.474523389e-58,3.093994328
12.67,7.962455372e-57,3.403973438e-58,3.093185441
12.68,7.962884921e-57,3.334509358e-58,3.09237893
12.69,7.962592431e-57,3.264077987e-58,3.091573482
12.7,7.962559375e-57,3.194257903e-58,3.090769983
12.71,7.962525213e-57,3.124822617e-58,3.089969769
12.72,7.962485101e-57,3.055485815e-58,3.089170644
12.73,7.962442468e-57,2.986434888e-58,3.088374012
12.74,7.962401747e-57,2.917932707e-58,3.087581941
12.75,7.962353585e-57,2.849441263e-58,3.086790321
12.76,7.96230549e-57,2.781362987e-58,3.086002143
12.77,7.962263407e-57,2.713510171e-58,3.085218116
12.78,7.962210586e-57,2.645974651e-58,3.084434677
12.79,7.962151408e-57,2.579254196e-58,3.083654408
12.8,7.962098633e-57,2.512449585e-58,3.082876911
12.81,7.962041561e-57,2.445768814e-58,3.082100548
12.82,7.961975552e-57,2.380413676e-58,3.081328798
12.83,7.96192185e-57,2.314677487e-58,3.080560275
12.84,7.961860472e-57,2.249039363e-58,3.079792357
12.85,7.961826997e-57,2.182548105e-58,3.079029162
12.86,7.96178187e-57,2.117160739e-58,3.078269485
12.87,7.961683868e-57,2.054438517e-58,3.077510073
12.88,7.96162577e-57,1.990340767e-58,3.07675584
12.89,7.961477226e-57,1.9321699e-58,3.076006265
12.9,7.961415976e-57,1.868633724e-58,3.075257179
12.91,7.961355566e-57,1.805504239e-58,3.074511604
12.92,7.961296246e-57,1.742802578e-58,3.073769761
12.93,7.961228767e-57,1.680027303e-58,3.073027744
12.94,7.961161932e-57,1.617622362e-58,3.072288896
12.95,7.961100519e-57,1.555845289e-58,3.071555261
12.96,7.96103228e-57,1.494053109e-58,3.070821886
12.97,7.960965131e-57,1.43263961e-58,3.070091737
12.98,7.96090675e-57,1.372018167e-58,3.069368107
12.99,7.960846279e-57,1.31163419e-58,3.068646819
13,7.960806582e-57,1.251678493e-58,3.067929046
13.01,7.960787721e-57,1.192400934e-58,3.067216893
13.02,7.960731045e-57,1.133305526e-58,3.06650735
13.03,7.960677338e-57,1.07473295e-58,3.065802444
13.04,7.960629617e-57,1.016817077e-58,3.065103226
13.05,7.96058302e-57,9.592946949e-59,3.064407607
13.06,7.960539049e-57,9.022221048e-59,3.063715957
13.07,7.960498559e-57,8.456320757e-59,3.06302851
13.08,7.960460262e-57,7.894397037e-59,3.062344536
13.09,7.960423826e-57,7.33603471e-59,3.06166362
13.1,7.960389464e-57,6.781219545e-59,3.060985713
13.11,7.96036216e-57,6.23244302e-59,3.060312783
13.12,7.960341914e-57,5.689878412e-59,3.059645076
13.13,7.960321486e-57,5.150090111e-59,3.058980008
13.14,7.960302773e-57,4.614091944e-59,3.05831842
13.15,7.960290655e-57,4.084308872e-59,3.057662234
13.16,7.96028148e-57,3.558406516e-59,3.057009876
13.17,7.960275676e-57,3.037685277e-59,3.056361956
13.18,7.960276693e-57,2.523554892e-59,3.05571994
13.19,7.960281302e-57,2.015059977e-59,3.055083397
13.2,7.960288759e-57,1.512517043e-59,3.05445292
13.21,7.960297987e-57,1.01657632e-59,3.053829595
13.22,7.960305981e-57,5.273673573e-60,3.053214296
13.23,7.960312757e-57,4.653730613e-61,3.052609117
13.24,7.960319991e-57,-4.24099078e-60,3.052015993
13.25,7.960326281e-57,-8.84056857e-60,3.051435364
13.26,7.96033422e-57,-1.333375772e-59,3.050867696
13.27,7.960342522e-57,-1.772287914e-59,3.050312498
13.28,7.960350222e-57,-2.201674351e-59,3.049768916
13.29,7.96035724e-57,-2.621882009e-59,3.049236565
13.3,7.960361222e-57,-3.033744628e-59,3.048714955
13.31,7.96036465e-57,-3.435778115e-59,3.048205434
13.32,7.960368539e-57,-3.827619232e-59,3.047708266
13.33,7.960374879e-57,-4.208920189e-59,3.047223474
13.34,7.960383944e-57,-4.580237566e-59,3.046750327
13.35,7.960393381e-57,-4.943629614e-59,3.046286772
13.36,7.960401632e-57,-5.30088905e-59,3.04583091
13.37,7.960410674e-57,-5.651955491e-59,3.045382387
13.38,7.960418302e-57,-5.998082386e-59,3.044940126
13.39,7.960422594e-57,-6.339911938e-59,3.044503757
13.4,7.96042519e-57,-6.675727308e-59,3.04407511
13.41,7.960428591e-57,-7.003085228e-59,3.043656755
13.42,7.960432513e-57,-7.32133223e-59,3.043249616
13.43,7.960436626e-57,-7.630908226e-59,3.042853228
13.44,7.960441103e-57,-7.932996598e-59,3.042466062
13.45,7.960446754e-57,-8.229214794e-59,3.042085886
13.46,7.96045058e-57,-8.522847304e-59,3.041709185
13.47,7.96045192e-57,-8.815653414e-59,3.041333862
13.48,7.960451506e-57,-9.107680601e-59,3.040959691
13.49,7.960448183e-57,-9.398642674e-59,3.040587303
13.5,7.960443936e-57,-9.685940818e-59,3.040219587
13.51,7.960439731e-57,-9.967165142e-59,3.039859432
13.52,7.960435709e-57,-1.02403983e-58,3.039509282
13.53,7.960433591e-57,-1.050357646e-58,3.039171424
13.54,7.960434017e-57,-1.075603364e-58,3.038846592
13.55,7.96043408e-57,-1.099937847e-58,3.038533394
13.56,7.960435746e-57,-1.123344853e-58,3.038231614
13.57,7.960439267e-57,-1.145930865e-58,3.037939843
13.58,7.960444256e-57,-1.167880955e-58,3.037655797
13.59,7.960449353e-57,-1.189430356e-58,3.03737676
13.6,7.960451827e-57,-1.210828446e-58,3.037100136
13.61,7.960454355e-57,-1.232020613e-58,3.03682603
13.62,7.960456862e-57,-1.253002805e-58,3.036554516
13.63,7.960458214e-57,-1.273784944e-58,3.036285724
13.64,7.960457193e-57,-1.294295684e-58,3.036020522
13.65,7.960460298e-57,-1.314385221e-58,3.035760164
13.66,7.960460894e-57,-1.334121932e-58,3.035504365
13.67,7.960462395e-57,-1.353500273e-58,3.035253237
13.68,7.960463628e-57,-1.372422412e-58,3.035007854
13.69,7.960466459e-57,-1.39078526e-58,3.034769377
13.7,7.960469208e-57,-1.408526294e-58,3.034538883
13.71,7.960473417e-57,-1.425503902e-58,3.034318137
13.72,7.960479331e-57,-1.44150722e-58,3.034109163
13.73,7.960488632e-57,-1.456609075e-58,3.033911186
13.74,7.960498047e-57,-1.470994135e-58,3.033722422
13.75,7.960509162e-57,-1.4846734e-58,3.03354238
13.76,7.960521474e-57,-1.497748733e-58,3.03336986
13.77,7.960533616e-57,-1.510326248e-58,3.033203797
13.78,7.960545695e-57,-1.522398131e-58,3.033044273
13.79,7.960559105e-57,-1.533875025e-58,3.032892142
13.8,7.960574471e-57,-1.544719771e-58,3.032747751
13.81,7.96059008e-57,-1.555041185e-58,3.032610078
13.82,7.960606772e-57,-1.564870126e-58,3.032478536
13.83,7.960625025e-57,-1.574264656e-58,3.032352267
13.84,7.960644915e-57,-1.583293491e-58,3.032230363
13.85,7.960663835e-57,-1.592091808e-58,3.032111655
13.86,7.960682669e-57,-1.600607942e-58,3.031996616
13.87,7.960702877e-57,-1.608720745e-58,3.031886499
13.88,7.960721032e-57,-1.616384696e-58,3.031782321
13.89,7.960740816e-57,-1.623436038e-58,3.031686083
13.9,7.960760639e-57,-1.629584319e-58,3.031601055
13.91,7.960786849e-57,-1.634702792e-58,3.031528699
13.92,7.960814762e-57,-1.638777374e-58,3.031469373
13.93,7.960848611e-57,-1.641755362e-58,3.031422992
13.94,7.96088347e-57,-1.644017805e-58,3.031385703
13.95,7.960917751e-57,-1.64584862e-58,3.031354165
13.96,7.960954427e-57,-1.647324658e-58,3.031326709
13.97,7.960991208e-57,-1.648709738e-58,3.031300414
13.98,7.961025634e-57,-1.650227078e-58,3.031272925
13.99,7.961058704e-57,-1.651878545e-58,3.031243992
14,7.961091281e-57,-1.65358838e-58,3.031214409
14.01,7.961121711e-57,-1.655320817e-58,3.031185012
14.02,7.961153135e-57,-1.65680083e-58,3.03115868
14.03,7.961186523e-57,-1.657835275e-58,3.031137712
14.04,7.961221241e-57,-1.658330245e-58,3.031123474
14.05,7.961257419e-57,-1.658196658e-58,3.031117097
14.06,7.961294722e-57,-1.657391278e-58,3.03111922
14.07,7.961335096e-57,-1.65583774e-58,3.031130401
14.08,7.961379975e-57,-1.653586858e-58,3.031149653
14.09,7.961424264e-57,-1.651041086e-58,3.031172878
14.1,7.961467641e-57,-1.64842111e-58,3.031197271
14.11,7.961512176e-57,-1.645812284e-58,3.031221257
14.12,7.961554809e-57,-1.643463601e-58,3.03124228
14.13,7.961596012e-57,-1.641413469e-58,3.031259734
14.14,7.961635732e-57,-1.639649041e-58,3.031273798
14.15,7.96167453e-57,-1.638082639e-58,3.03128549
14.16,7.961713672e-57,-1.636569219e-58,3.031296414
14.17,7.961756039e-57,-1.634896043e-58,3.031308693
14.18,7.96180253e-57,-1.632952793e-58,3.031323562
14.19,7.96185151e-57,-1.630772106e-58,3.031340963
14.2,7.961901288e-57,-1.628419219e-58,3.031360424
14.21,7.961953463e-57,-1.625839706e-58,3.031382296
14.22,7.962010165e-57,-1.62297298e-58,3.031406889
14.23,7.962068184e-57,-1.620004214e-58,3.031432511
14.24,7.962123929e-57,-1.617137371e-58,3.031457314
14.25,7.962180945e-57,-1.614251433e-58,3.031482077
14.26,7.96223943e-57,-1.61134803e-58,3.031506736
14.27,7.962295904e-57,-1.60857839e-58,3.031530102
14.28,7.96235183e-57,-1.605869615e-58,3.031552796
14.29,7.962409333e-57,-1.603110276e-58,3.031575791
14.3,7.962467681e-57,-1.600316389e-58,3.031599044
14.31,7.962524772e-57,-1.597568482e-58,3.031621978
14.32,7.962581334e-57,-1.594828927e-58,3.03164492
14.33,7.962638757e-57,-1.592030371e-58,3.031668433
14.34,7.962695129e-57,-1.589250874e-58,3.031691932
14.35,7.962752702e-57,-1.586401795e-58,3.031716063
14.36,7.962810161e-57,-1.58354537e-58,3.031740312
14.37,7.962867876e-57,-1.58067628e-58,3.031764666
14.38,7.962926334e-57,-1.577782897e-58,3.031789166
14.39,7.9629836e-57,-1.574952583e-58,3.031813111
14.4,7.963040316e-57,-1.572159414e-58,3.031836694
14.41,7.963097358e-57,-1.569357577e-58,3.031860313
14.42,7.963155173e-57,-1.566524031e-58,3.031884168
14.43,7.963212686e-57,-1.563706025e-58,3.031907886
14.44,7.963268738e-57,-1.560947667e-58,3.031931155
14.45,7.963326445e-57,-1.558108954e-58,3.031955093
14.46,7.963384003e-57,-1.555258345e-58,3.031979217
14.47,7.963441252e-57,-1.552405302e-58,3.032003439
14.48,7.963499267e-57,-1.549503153e-58,3.032028124
14.49,7.963557963e-57,-1.546560456e-58,3.03205318
14.5,7.963614482e-57,-1.543703249e-58,3.032077611
14.51,7.963671292e-57,-1.540824534e-58,3.032102254
14.52,7.963728539e-57,-1.537910513e-58,3.032127254
14.53,7.963786906e-57,-1.53493408e-58,3.032152811
14.54,7.963844858e-57,-1.531965258e-58,3.032178358
14.55,7.96390224e-57,-1.529017342e-58,3.03220376
14.56,7.963961024e-57,-1.526015052e-58,3.032229549
14.57,7.964018584e-57,-1.523076269e-58,3.032254786
14.58,7.964074611e-57,-1.52021129e-58,3.032279406
14.59,7.964132527e-57,-1.517266794e-58,3.03230463
14.6,7.964190213e-57,-1.514326154e-58,3.032329854
14.61,7.964246759e-57,-1.511431656e-58,3.032354732
14.62,7.964303951e-57,-1.508506943e-58,3.032379853
14.63,7.964361243e-57,-1.505574388e-58,3.032405052
14.64,7.964417846e-57,-1.502672589e-58,3.032430003
14.65,7.964473665e-57,-1.499809112e-58,3.032454629
14.66,7.964530452e-57,-1.496908871e-58,3.032479513
14.67,7.964587153e-57,-1.494016893e-58,3.032504306
14.68,7.964642683e-57,-1.491177739e-58,3.032528673
14.69,7.964699478e-57,-1.488287666e-58,3.032553414
14.7,7.964756252e-57,-1.485400134e-58,3.032578124
14.71,7.964811515e-57,-1.482579656e-58,3.032602301
14.72,7.964866546e-57,-1.479761058e-58,3.032626503
14.73,7.964923552e-57,-1.476842971e-58,3.032651549
14.74,7.964979629e-57,-1.473953292e-58,3.032676432
14.75,7.965033819e-57,-1.471150919e-58,3.032700604
14.76,7.965076384e-57,-1.468882447e-58,3.032720461
14.77,7.965092175e-57,-1.468148099e-58,3.032727729
14.78,7.965082303e-57,-1.46778142e-58,3.032731334
14.79,7.965097047e-57,-1.466593342e-58,3.032740702
14.8,7.964872137e-57,-1.465266559e-58,3.032753377
14.81,7.965447721e-57,-1.463349977e-58,3.032764255
14.82,7.96547203e-57,-1.462076715e-58,3.032775303
14.83,7.965494479e-57,-1.460776355e-58,3.03278712
14.84,7.965518262e-57,-1.459335931e-58,3.032800453
14.85,7.965546123e-57,-1.457660422e-58,3.032815916
14.86,7.965573368e-57,-1.455988649e-58,3.032831469
14.87,7.965599562e-57,-1.454379215e-58,3.032846448
14.88,7.96562614e-57,-1.452790544e-58,3.032861071
14.89,7.965652915e-57,-1.451236745e-58,3.032875197
14.9,7.965679161e-57,-1.449749926e-58,3.032888573
14.91,7.96570448e-57,-1.448333259e-58,3.032901248
14.92,7.965730232e-57,-1.44690926e-58,3.032913919
14.93,7.965756486e-57,-1.445456924e-58,3.032926844
14.94,7.965782036e-57,-1.444019304e-58,3.032939736
14.95,7.965807644e-57,-1.442557437e-58,3.032952928
14.96,7.965833916e-57,-1.441045501e-58,3.03296662
14.97,7.9658596e-57,-1.439539334e-58,3.032980368
14.98,7.965886367e-57,-1.437977644e-58,3.032994591
14.99,7.965912359e-57,-1.436447438e-58,3.03300858
15,7.965938352e-57,-1.434923193e-58,3.033022491
15.01,7.965964414e-57,-1.433402178e-58,3.033036343
15.02,7.965990161e-57,-1.431897788e-58,3.03305005
15.03,7.966016783e-57,-1.430362163e-58,3.033063965
15.04,7.966042148e-57,-1.428884739e-58,3.033077406
15.05,7.966067486e-57,-1.427409288e-58,3.033090828
15.06,7.966093687e-57,-1.425894235e-58,3.033104569
15.07,7.966119492e-57,-1.424393364e-58,3.033118213
15.08,7.966144416e-57,-1.422926624e-58,3.033131613
15.09,7.966169991e-57,-1.421425871e-58,3.033145307
15.1,7.966196386e-57,-1.419883719e-58,3.033159352
15.11,7.966222192e-57,-1.418363336e-58,3.033173245
15.12,7.966248252e-57,-1.416832702e-58,3.033187215
15.13,7.966273801e-57,-1.415322081e-58,3.033201039
15.14,7.966299961e-57,-1.413788614e-58,3.033215021
15.15,7.96632583e-57,-1.412271134e-58,3.03322886
15.16,7.966350875e-57,-1.410789924e-58,3.033242414
15.17,7.966376776e-57,-1.409270924e-58,3.033256265
15.18,7.966407465e-57,-1.408191965e-58,3.033270148
15.19,7.966428085e-57,-1.406189203e-58,3.033284
15.2,7.966456907e-57,-1.404890634e-58,3.033297908
15.21,7.966475869e-57,-1.402866155e-58,3.033311312
15.22,7.966495069e-57,-1.400788372e-58,3.033324875
15.23,7.966520926e-57,-1.399264215e-58,3.033338598
15.24,7.966547076e-57,-1.397744016e-58,3.033352401
15.25,7.96656433e-57,-1.39550279e-58,3.033366012
15.26,7.966589443e-57,-1.394016655e-58,3.033379606
15.27,7.966607172e-57,-1.391658979e-58,3.033393724
15.28,7.966633497e-57,-1.39011537e-58,3.033407788
15.29,7.966659072e-57,-1.388611675e-58,3.033421502
15.3,7.966684526e-57,-1.387121665e-58,3.033435067
15.31,7.966698212e-57,-1.384564701e-58,3.033448567
15.32,7.966723388e-57,-1.383081573e-58,3.033462103
15.33,7.966749696e-57,-1.381539263e-58,3.03347615
15.34,7.966776428e-57,-1.379977193e-58,3.033490356
15.35,7.96680159e-57,-1.378487725e-58,3.033503975
15.36,7.966827763e-57,-1.376962113e-58,3.033517833
15.37,7.966854301e-57,-1.375428825e-58,3.033531708
15.38,7.966877602e-57,-1.374042371e-58,3.03354441
15.39,7.966901533e-57,-1.37263514e-58,3.033557238
15.4,7.966926639e-57,-1.371178884e-58,3.033570436
15.41,7.966951192e-57,-1.369748134e-58,3.033583427
15.42,7.96697555e-57,-1.368326809e-58,3.03359634
15.43,7.967000809e-57,-1.366862539e-58,3.033609605
15.44,7.967026784e-57,-1.365368096e-58,3.033623099
15.45,7.967051798e-57,-1.363927023e-58,3.033636118
15.46,7.967076836e-57,-1.362506298e-58,3.033648867
15.47,7.967101477e-57,-1.361130346e-58,3.033661125
15.48,7.967126153e-57,-1.359789056e-58,3.033672927
15.49,7.967151958e-57,-1.358440061e-58,3.033684574
15.5,7.967178661e-57,-1.357083751e-58,3.033696113
15.51,7.967205259e-57,-1.355748928e-58,3.033707398
15.52,7.967231833e-57,-1.354421696e-58,3.033718588
15.53,7.96725879e-57,-1.353080012e-58,3.033729879
15.54,7.967285231e-57,-1.351764252e-58,3.03374095
15.55,7.96731135e-57,-1.350467053e-58,3.033751853
15.56,7.967338731e-57,-1.349122668e-58,3.033763082
15.57,7.967366224e-57,-1.347784734e-58,3.033774201
15.58,7.967392371e-57,-1.34651238e-58,3.033784774
15.59,7.967418154e-57,-1.345252906e-58,3.033795263
15.6,7.967444569e-57,-1.343952309e-58,3.03380614
15.61,7.967472725e-57,-1.342558891e-58,3.033817825
15.62,7.967500925e-57,-1.341142354e-58,3.033829799
15.63,7.967529949e-57,-1.339665807e-58,3.033842363
15.64,7.967559948e-57,-1.338119581e-58,3.033855607
15.65,7.967590357e-57,-1.33653375e-58,3.03386927
15.66,7.96762042e-57,-1.334947852e-58,3.033883011
15.67,7.967650363e-57,-1.333341946e-58,3.033897037
15.68,7.967680235e-57,-1.331667934e-58,3.033911959
15.69,7.967710392e-57,-1.329860478e-58,3.03392854
15.7,7.967741823e-57,-1.327853871e-58,3.033947408
15.71,7.967774025e-57,-1.325672056e-58,3.033968365
15.72,7.967806154e-57,-1.323368845e-58,3.033990907
15.73,7.967839123e-57,-1.320922418e-58,3.034015108
15.74,7.967872331e-57,-1.318370234e-58,3.034040621
15.75,7.967904767e-57,-1.315770143e-58,3.034066924
15.76,7.967936857e-57,-1.313123852e-58,3.0340939
15.77,7.967969214e-57,-1.31042766e-58,3.034121458
15.78,7.968001997e-57,-1.307703187e-58,3.034149283
15.79,7.968034978e-57,-1.304987068e-58,3.034176954
15.8,7.968067227e-57,-1.302337006e-58,3.034203933
15.81,7.968099342e-57,-1.299731004e-58,3.034230371
15.82,7.968129938e-57,-1.297205868e-58,3.034256105
15.83,7.968160613e-57,-1.294656886e-58,3.034282126
15.84,7.968191589e-57,-1.292004652e-58,3.034309411
15.85,7.968221504e-57,-1.289185141e-58,3.034339093
15.86,7.968252212e-57,-1.28597022e-58,3.0343737
15.87,7.968217915e-57,-1.275942121e-58,3.034415647
15.88,7.968249241e-57,-1.2714541e-58,3.034466624
15.89,7.968283137e-57,-1.265944943e-58,3.034530244
15.9,7.968321322e-57,-1.259209421e-58,3.034608737
15.91,7.968361361e-57,-1.251279275e-58,3.034702242
15.92,7.968514513e-57,-1.252471842e-58,3.034811427
15.93,7.968559542e-57,-1.242006651e-58,3.034936312
15.94,7.968605596e-57,-1.230339888e-58,3.03507643
15.95,7.968652721e-57,-1.217430884e-58,3.035232284
15.96,7.968701862e-57,-1.203168606e-58,3.035405079
15.97,7.968752194e-57,-1.187461147e-58,3.035596168
15.98,7.968806697e-57,-1.170082804e-58,3.035807768
15.99,7.968863923e-57,-1.151053446e-58,3.036039923
16,7.96892272e-57,-1.130438029e-58,3.036292031
16.01,7.96898432e-57,-1.108249109e-58,3.036563624
16.02,7.969048877e-57,-1.08458977e-58,3.036853313
16.03,7.969111652e-57,-1.059717345e-58,3.037158829
16.04,7.969175248e-57,-1.033528091e-58,3.037480894
16.05,7.969242773e-57,-1.005930732e-58,3.037819948
16.06,7.969311229e-57,-9.771683378e-59,3.038173516
16.07,7.969379668e-57,-9.47426293e-59,3.038539408
16.08,7.969448341e-57,-9.167667711e-59,3.038916747
16.09,7.969515e-57,-8.852738269e-59,3.03930494
16.1,7.969581365e-57,-8.528274259e-59,3.039705114
16.11,7.969647889e-57,-8.193592754e-59,3.040118013
16.12,7.969715732e-57,-7.848088071e-59,3.040544122
16.13,7.969784472e-57,-7.49232659e-59,3.040982779
16.14,7.969852617e-57,-7.127364731e-59,3.041432945
16.15,7.969922659e-57,-6.752419657e-59,3.041895029
16.16,7.969996898e-57,-6.366950387e-59,3.042369168
16.17,7.970080093e-57,-5.969750154e-59,3.042855787
16.18,7.970173732e-57,-5.561706305e-59,3.043353381
16.19,7.970753922e-57,-5.138476309e-59,3.043860901
16.2,7.970871069e-57,-4.71279364e-59,3.044374397
16.21,7.970997066e-57,-4.282276614e-59,3.044891485
16.22,7.971129481e-57,-3.848412783e-59,3.045410812
16.23,7.971266694e-57,-3.411281589e-59,3.045932632
16.24,7.971410826e-57,-2.968270466e-59,3.046459748
16.25,7.971561163e-57,-2.517454675e-59,3.046994728
16.26,7.971720396e-57,-2.054208141e-59,3.047541206
16.27,7.971889055e-57,-1.580195474e-59,3.048100022
16.28,7.97206541e-57,-1.094849498e-59,3.04867068
16.29,7.972251337e-57,-5.982001378e-60,3.049252666
16.3,7.972439286e-57,-9.488207517e-61,3.049841828
16.31,7.97262576e-57,4.122410449e-60,3.050435342
16.32,7.972818676e-57,9.260466417e-60,3.051034994
16.33,7.973014167e-57,1.444482817e-59,3.051639065
16.34,7.973209549e-57,1.966219298e-59,3.052246483
16.35,7.973408459e-57,2.493136097e-59,3.05285875
16.36,7.973608557e-57,3.024665419e-59,3.053475664
16.37,7.973810742e-57,3.562026485e-59,3.054098517
16.38,7.97401832e-57,4.107655551e-59,3.054729553
16.39,7.974226904e-57,4.659916438e-59,3.055367701
16.4,7.974439719e-57,5.220382025e-59,3.05601414
16.41,7.974658021e-57,5.789256407e-59,3.056668796
16.42,7.974878086e-57,6.363841747e-59,3.057329139
16.43,7.97510619e-57,6.94643582e-59,3.057996544
16.44,7.975337215e-57,7.534497828e-59,3.058669004
16.45,7.975566148e-57,8.12577726e-59,3.059344863
16.46,7.975801385e-57,8.724948072e-59,3.060027931
16.47,7.976041643e-57,9.332236288e-59,3.060718734
16.48,7.976285078e-57,9.947524619e-59,3.061417503
16.49,7.976535901e-57,1.057363852e-58,3.062126688
16.5,7.976799563e-57,1.121045702e-58,3.062846331
16.51,7.977060756e-57,1.185679457e-58,3.063575426
16.52,7.977328771e-57,1.251307226e-58,3.064313802
16.53,7.977603082e-57,1.317789172e-58,3.065059818
16.54,7.97788256e-57,1.38495646e-58,3.065811631
16.55,7.978170062e-57,1.452887149e-58,3.066569489
16.56,7.978462587e-57,1.521428686e-58,3.067332185
16.57,7.978757792e-57,1.590492854e-58,3.068099151
16.58,7.979057938e-57,1.660243985e-58,3.068871815
16.59,7.979357863e-57,1.730461045e-58,3.069648658
16.6,7.979658458e-57,1.801220038e-58,3.070430357
16.61,7.979966811e-57,1.872930539e-58,3.071220159
16.62,7.98027765e-57,1.945362773e-58,3.072016462
16.63,7.980588749e-57,2.01840645e-58,3.072818411
16.64,7.980906072e-57,2.092387384e-58,3.073628477
16.65,7.981219565e-57,2.166766869e-58,3.074442498
16.66,7.981534457e-57,2.241798273e-58,3.075262253
16.67,7.981851801e-57,2.317538683e-58,3.076088131
16.68,7.982163969e-57,2.393572949e-58,3.076916927
16.69,7.982476154e-57,2.470169947e-58,3.0777506
16.7,7.982788833e-57,2.547368767e-58,3.078589458
16.71,7.983099019e-57,2.625019279e-58,3.079432384
16.72,7.983405155e-57,2.703038502e-58,3.08027873
16.73,7.983710022e-57,2.781579422e-58,3.081129621
16.74,7.984010586e-57,2.860473592e-58,3.081983749
16.75,7.984305129e-57,2.939590397e-58,3.082839964
16.76,7.984597811e-57,3.019127379e-58,3.083699586
16.77,7.984886411e-57,3.098936366e-58,3.084561379
16.78,7.985171848e-57,3.1790607e-58,3.08542561
16.79,7.985458086e-57,3.259667031e-58,3.086294094
16.8,7.985739047e-57,3.340743248e-58,3.087164552
16.81,7.986013382e-57,3.421832177e-58,3.088036561
16.82,7.986289724e-57,3.503637497e-58,3.088914303
16.83,7.986562106e-57,3.58582964e-58,3.089795442
16.84,7.986824832e-57,3.668137755e-58,3.09067791
16.85,7.987085545e-57,3.750977817e-58,3.091564794
16.86,7.987344495e-57,3.834178836e-58,3.092454776
16.87,7.987589671e-57,3.917310461e-58,3.093344483
16.88,7.987832517e-57,4.000885042e-58,3.09423766
16.89,7.988070363e-57,4.084749312e-58,3.095133138
16.9,7.988295755e-57,4.168551549e-58,3.0960282
16.91,7.988523677e-57,4.252979889e-58,3.096928035
16.92,7.988747936e-57,4.337821324e-58,3.097831182
16.93,7.988961056e-57,4.422607696e-58,3.098734103
16.94,7.989170806e-57,4.507819041e-58,3.09964036
16.95,7.989373156e-57,4.593222373e-58,3.100548262
16.96,7.989567121e-57,4.678742072e-58,3.101457182
16.97,7.989758037e-57,4.764718803e-58,3.102369649
16.98,7.98994068e-57,4.850826645e-58,3.103283258
16.99,7.990102736e-57,4.937918442e-58,3.104197902
17,7.990272315e-57,5.024518256e-58,3.105115417
17.01,7.990433023e-57,5.111233844e-58,3.106034002
17.02,7.990587525e-57,5.198237153e-58,3.106954925
17.03,7.99074827e-57,5.285702039e-58,3.107879411
17.04,7.991065067e-57,5.37357575e-58,3.108805505
17.05,7.991201352e-57,5.461609051e-58,3.10973484
17.06,7.991331532e-57,5.550003893e-58,3.110667159
17.07,7.991452008e-57,5.638517505e-58,3.111600647
17.08,7.991567726e-57,5.727489376e-58,3.112537806
17.09,7.991678915e-57,5.81696314e-58,3.113479015
17.1,7.991781572e-57,5.906675244e-58,3.114422337
17.11,7.991883634e-57,5.996749905e-58,3.115370442
17.12,7.991976856e-57,6.087583492e-58,3.116322641
17.13,7.992066992e-57,6.177885618e-58,3.117275896
17.14,7.9921482e-57,6.268860121e-58,3.118232589
17.15,7.992216032e-57,6.360402237e-58,3.119191106
17.16,7.992273632e-57,6.452040171e-58,3.120150477
17.17,7.99232579e-57,6.544124507e-58,3.12111327
17.18,7.992368677e-57,6.636391194e-58,3.122077568
17.19,7.992401398e-57,6.728756378e-58,3.123042687
17.2,7.992424557e-57,6.821479986e-58,3.124010548
17.21,7.992442751e-57,6.914503666e-58,3.124980733
17.22,7.992450576e-57,7.007653142e-58,3.125952023
17.23,7.992462549e-57,7.10123721e-58,3.126926678
17.24,7.992440772e-57,7.195190174e-58,3.127904617
17.25,7.992403325e-57,7.289332342e-58,3.128884356
17.26,7.992374813e-57,7.383690534e-58,3.129865858
17.27,7.992334986e-57,7.478341805e-58,3.130849771
17.28,7.992280764e-57,7.573275863e-58,3.131836038
17.29,7.992246549e-57,7.668430793e-58,3.132823916
17.3,7.992180068e-57,7.763722731e-58,3.133813085
17.31,7.992103019e-57,7.859132797e-58,3.134803175
17.32,7.992017237e-57,7.954799704e-58,3.135795146
17.33,7.991921508e-57,8.050626269e-58,3.136788284
17.34,7.991816198e-57,8.146646738e-58,3.137782832
17.35,7.991701156e-57,8.242862774e-58,3.138778827
17.36,7.991575481e-57,8.339214695e-58,3.13977587
17.37,7.991440566e-57,8.435834972e-58,3.140774941
17.38,7.991294155e-57,8.532539846e-58,-3.141410582
17.39,7.991135904e-57,8.629335299e-58,-3.140410311
17.4,7.99096732e-57,8.72626415e-58,-3.139408793
17.41,7.990787203e-57,8.823399007e-58,-3.138406371
17.42,7.99059582e-57,8.920473877e-58,-3.137403741
17.43,7.990394776e-57,9.017764169e-58,-3.136399587
17.44,7.990181425e-57,9.115190084e-58,-3.135395317
17.45,7.989958244e-57,9.212510472e-58,-3.134390407
17.46,7.989723204e-57,9.310268577e-58,-3.133384492
17.47,7.989476482e-57,9.407997051e-58,-3.132378578
17.48,7.989221504e-57,9.505666725e-58,-3.131370966
17.49,7.988954961e-57,9.603519601e-58,-3.130362427
17.5,7.988676043e-57,9.701504552e-58,-3.129353374
17.51,7.988387331e-57,9.799732007e-58,-3.128342451
17.52,7.988086579e-57,9.898129704e-58,-3.127330133
17.53,7.987773608e-57,9.996531662e-58,-3.126317613
17.54,7.987448178e-57,1.00952006e-57,-3.125302996
17.55,7.987114752e-57,1.01940665e-57,-3.124286801
17.56,7.986767377e-57,1.029292026e-57,-3.123270588
17.57,7.986410295e-57,1.039198525e-57,-3.122252796
17.58,7.986042588e-57,1.049129096e-57,-3.121233166
17.59,7.98566168e-57,1.059063524e-57,-3.120213153
17.6,7.985264955e-57,1.069003215e-57,-3.119192675
17.61,7.984859081e-57,1.078974434e-57,-3.118169867
