#Exudyn implicit second order time integration sensor output file
#measure Node number = 1
#OutputVariableType = AngularVelocity
#simulation started = 2024-10-23,21:26:56
#columns contain: time, comma separated sensor values (e.g, x,y,z position coordinates)
#number of sensor values = 3
#Exudyn version = 1.9.0; Python3.11.8; Windows AVX2 FLOAT64
#
0,0,0,0
0.05,2.818236927e-26,2.060962215e-26,1.805380033e-10
0.1,2.705343931e-26,1.978214775e-26,3.974496691e-10
0.15,2.542211439e-26,1.858264678e-26,5.385814114e-10
0.2,2.337170925e-26,1.707568219e-26,6.221276531e-10
0.25,2.121548583e-26,1.548503994e-26,6.13868957e-10
0.3,1.903920128e-26,1.38717776e-26,6.005899951e-10
0.35,1.697726271e-26,1.234144434e-26,6.065200059e-10
0.4,1.484566503e-26,1.075954915e-26,6.104780386e-10
0.45,1.253497793e-26,9.042349589e-27,7.078407448e-10
0.5,1.237608004e-16,4.183063487e-17,-0.03565561093
0.55,1.868169186e-17,8.764675894e-18,-0.1703755764
0.6,8.644752487e-19,-3.619193498e-18,-0.1803444178
0.65,6.438740896e-18,-1.368916091e-18,-0.1515498832
0.7,-2.266145544e-19,-2.691108534e-19,-0.173217983
0.75,-1.546248366e-19,-1.07216718e-19,-0.1605590569
0.8,-1.599649294e-19,-1.109195433e-19,-0.1661041054
0.85,-1.595049239e-19,-1.106005718e-19,-0.1656264382
0.9,-8.489878654e-19,-9.861520975e-19,-0.1656294794
0.95,-2.643464833e-19,4.621957631e-20,-0.1663840818
1,-1.275224885e-18,1.087691328e-18,-0.166055164
1.05,-1.930657014e-19,2.041101661e-20,-0.1662929318
1.1,-2.18045168e-19,2.580645957e-20,-0.1662732313
1.15,-1.744382051e-19,2.79510306e-20,-0.1666372487
1.2,-1.730065378e-19,2.777911828e-20,-0.1669124106
1.25,-1.391193125e-19,2.23379517e-20,-0.1342188579
1.3,3.028293995e-20,-4.862436261e-21,0.02921622852
1.35,6.429267469e-21,-1.032327215e-21,0.006202797613
1.4,-2.793435726e-20,4.485331723e-21,-0.02695037426
1.45,3.18128843e-20,-5.108094766e-21,0.03069228081
1.5,-2.194967868e-20,3.524390752e-21,-0.02117650495
1.55,7.303301919e-21,-1.172666102e-21,0.00704604423
1.6,4.538960813e-21,-7.288068686e-22,0.004379076751
1.65,-3.203069713e-17,4.919994474e-17,-0.009855101949
1.7,-5.927218383e-20,1.95750157e-18,0.01020838324
1.75,2.383822555e-20,-5.520479613e-19,-0.006285088135
1.8,1.295815719e-17,-2.144799296e-16,0.001623618914
1.85,1.96363667e-21,-3.539440568e-21,0.001894476793
1.9,-2.969560169e-21,5.352662341e-21,-0.00286495793
1.95,3.004196326e-21,-5.415095329e-21,0.002898373789
2,3.586660113e-20,-6.464990899e-20,0.03460320737
2.05,4.734023499e-17,3.885961398e-17,0.157740737
2.1,3.800008898e-17,5.249471826e-18,0.1782050531
2.15,-5.974178548e-18,-3.778133063e-18,0.1445225728
2.2,1.820512983e-19,-5.505165785e-19,0.1756384865
2.25,1.585424292e-19,-4.79429536e-19,0.1529575464
2.3,1.738460855e-19,-5.25704562e-19,0.167722396
2.35,1.648554568e-19,-4.985172469e-19,0.1590484571
2.4,1.701269823e-19,-5.144581523e-19,0.1641342943
2.45,1.665855525e-19,-5.037489888e-19,0.1607176105
2.5,1.662113277e-19,-5.125610557e-19,0.1630001747
2.55,9.243792331e-19,-5.935875022e-19,0.1615610758
2.6,1.026804971e-18,-1.518692915e-18,0.1620523156
2.65,9.235345374e-19,-6.013152278e-19,0.1620674426
2.7,9.23558543e-19,-6.013308573e-19,0.1620716552
2.75,9.239995834e-19,-6.016180238e-19,0.1621490524
2.8,9.231331665e-19,-6.010538926e-19,0.1619970071
2.85,1.082782555e-18,-2.92656013e-19,0.1619861961
2.9,2.3913955e-18,3.442505484e-18,0.162111872
2.95,2.707326581e-18,1.768727933e-18,0.162205866
3,-2.788726282e-16,1.663368773e-16,0.1631149259
3.05,9.515599768e-19,-1.590744326e-20,0.1619014648
3.1,9.66238893e-19,-1.051699141e-19,0.1662838153
3.15,1.171124571e-18,1.684266991e-18,0.1591686526
3.2,1.040443688e-18,-1.280028044e-19,0.1654546611
3.25,1.284688215e-18,1.36629679e-19,0.1615298628
3.3,6.502638364e-19,-9.45077507e-19,0.162976967
3.35,-4.983524882e-18,-3.578865772e-17,0.1633935546
3.4,7.15303111e-20,6.601678019e-20,0.162911728
3.45,1.859230242e-19,-2.649693485e-20,0.1637382215
3.5,1.940133519e-19,2.352308202e-19,0.1641893611
3.55,4.130553711e-19,-3.81049754e-19,0.1641818747
3.6,1.256792011e-17,-5.57165542e-18,0.1642564167
3.65,1.526230109e-19,-4.286386906e-20,0.1647888929
3.7,-2.271834141e-18,1.94787421e-18,0.1645073196
3.75,-2.050098207e-19,5.269706414e-19,0.164690231
3.8,7.594856206e-20,-9.550298463e-20,0.1653735512
3.85,2.352750892e-19,-8.881853703e-20,0.1653153674
3.9,5.05475381e-20,-5.691526157e-21,0.1656263849
3.95,-3.260977038e-20,6.629437403e-20,0.1663276374
4,2.619414641e-19,-1.460448061e-19,0.1661875294
4.05,2.826377377e-19,-3.083900109e-20,0.1665308171
4.1,2.398435326e-19,-3.681947427e-20,0.1672243457
4.15,2.329017468e-19,-1.71784382e-19,0.1670710879
4.2,2.375277399e-19,-5.539371437e-20,0.1676224266
4.25,1.988349776e-19,-4.637024825e-20,0.1403171793
4.3,-3.234261469e-20,7.542602602e-21,-0.02282407865
4.35,-2.775520495e-20,6.472775371e-21,-0.01958675844
4.4,5.003664545e-20,-1.166904115e-20,0.03531069758
4.45,-3.938654671e-20,9.185307263e-21,-0.02779495853
4.5,1.158934843e-20,-2.702745155e-21,0.008178565752
4.55,9.567484364e-21,-2.231227145e-21,0.00675174285
4.6,-1.805914531e-20,4.21157362e-21,-0.01274427586
4.65,1.385876681e-20,-3.232029381e-21,0.009780072019
4.7,-4.181811364e-21,9.752378543e-22,-0.002951090759
4.75,-3.220696078e-21,7.510968337e-22,-0.002272834752
4.8,6.042580295e-21,-1.409155652e-21,0.004264242859
4.85,-4.428026028e-21,1.032771894e-21,-0.003124866427
4.9,1.683165135e-21,-3.923816556e-22,0.001187774645
4.95,8.310811653e-22,-1.93778849e-22,0.0005864839912
5,-5.377814161e-20,1.254157166e-20,-0.03795106063
5.05,2.051943741e-17,1.456331058e-17,-0.1765810403
5.1,-1.394914506e-18,7.563931157e-17,-0.1882096055
5.15,-2.273065054e-19,3.494238492e-19,-0.1541402687
5.2,-2.603988625e-19,4.217982044e-19,-0.1765807069
5.25,-2.263216065e-19,4.051214783e-19,-0.1647931979
5.3,-2.296599476e-19,4.12618631e-19,-0.1670882282
5.35,-2.299232016e-19,4.13091609e-19,-0.1672797551
5.4,-2.288036453e-19,4.110801599e-19,-0.1664652278
5.45,-2.28718677e-19,4.10927503e-19,-0.1664034647
5.5,1.558268717e-18,4.982821321e-18,-0.1679939937
5.55,8.687278267e-20,9.676981296e-19,-0.178247044
5.6,2.550278967e-18,2.203142726e-18,-0.1710292885
5.65,1.724602568e-17,5.436233062e-18,-0.1647410161
5.7,3.753186453e-18,-7.97641238e-19,-0.1669652021
5.75,2.429838246e-19,4.265734906e-19,-0.1641722588
5.8,1.083119743e-18,4.067268091e-19,-0.1647023986
5.85,1.08320128e-18,4.067576579e-19,-0.1647148324
5.9,1.769036017e-18,8.949956462e-19,-0.1650789914
5.95,1.070576911e-18,4.42582494e-19,-0.1650750699
6,-2.731478837e-19,7.762815029e-19,-0.1650690832
6.05,1.1083373e-18,4.097848836e-19,-0.1652414901
6.1,1.105221796e-18,4.086330234e-19,-0.1647770062
6.15,1.106673254e-18,4.091696781e-19,-0.1649934042
6.2,1.107824455e-18,4.095953041e-19,-0.1651650351
6.25,1.106019544e-18,4.089279789e-19,-0.1648959415
6.3,1.108564619e-18,4.098689586e-19,-0.165275386
6.35,1.108124412e-18,4.097062092e-19,-0.1652097552
6.4,1.106201946e-18,4.089954147e-19,-0.1649231351
6.45,1.107637871e-18,4.095263188e-19,-0.1651372164
6.5,9.041719537e-19,3.34298931e-19,-0.1348025743
6.55,-1.818565459e-19,-6.723768769e-20,0.02711290644
6.6,-6.028702069e-20,-2.228987581e-20,0.008988163387
6.65,1.929015993e-19,7.132136713e-20,-0.02875960805
6.7,-1.980811617e-19,-7.323640317e-20,0.02953182677
6.75,1.229575997e-19,4.546102423e-20,-0.01833169168
6.8,-1.829444969e-20,-6.763975528e-21,0.002727488838
6.85,-4.284544543e-20,-1.584121403e-20,0.006387806886
6.9,6.615448441e-20,2.445924473e-20,-0.009862939107
6.95,-5.499903313e-20,-2.033480419e-20,0.008199800838
7,1.907672443e-20,7.053223282e-21,-0.002844139823
7.05,5.598002138e-17,-2.331116803e-17,0.003984656576
7.1,5.463871049e-16,-6.739287416e-17,0.0070885574
7.15,6.760042698e-19,-2.577859316e-18,-0.01327956945
7.2,-1.721756057e-17,-5.079431369e-19,0.01342051372
7.25,-1.305734474e-18,4.254452893e-18,-0.008911761098
7.3,2.449951275e-17,1.171491113e-17,0.002521191429
7.35,6.048110428e-19,1.445969563e-18,0.002618042863
7.4,2.611321569e-18,-1.329220844e-17,-0.00451904192
7.45,-3.325470859e-17,3.108671417e-18,0.004825648966
7.5,-2.116725324e-19,1.91408788e-17,0.03155815673
7.55,-1.106618212e-18,1.000679041e-16,0.1649850377
7.6,-1.14782883e-18,1.037943509e-16,0.1711289454
7.65,-1.019036051e-18,9.214814565e-17,0.1519274878
7.7,-1.137255904e-18,1.02838367e-16,0.1695527853
7.75,-1.064491155e-18,9.62584979e-17,0.1587043523
7.8,7.139817486e-18,9.780984472e-17,0.1640184042
7.85,-1.109500825e-18,9.840628461e-17,0.1622584012
7.9,-1.09206821e-18,9.846785688e-17,0.1623556502
7.95,-1.018216424e-18,9.880874263e-17,0.1627952993
8,2.523266052e-17,9.910149271e-17,0.1633007643
8.05,3.169466278e-19,9.781583216e-17,0.1613416913
8.1,1.101281813e-19,1.011535758e-16,0.1667657005
8.15,-2.837440114e-18,9.738797628e-17,0.1604432845
8.2,2.859457872e-19,9.988509501e-17,0.1648896509
8.25,4.334418456e-19,9.846088259e-17,0.1631799157
8.3,2.838496371e-19,9.919609477e-17,0.1635612808
8.35,2.84564403e-19,9.943490558e-17,0.1639550696
8.4,2.840650122e-19,9.925979448e-17,0.1636663135
8.45,2.85169615e-19,9.964633503e-17,0.1643036676
8.5,2.855872507e-19,9.979227132e-17,0.1645442976
8.55,2.861242792e-19,9.997992436e-17,0.1648537127
8.6,2.870281903e-19,1.003074504e-16,0.1653937598
8.65,2.878264445e-19,1.005746806e-16,0.1658343874
8.7,2.878434006e-19,1.005800399e-16,0.1658432242
8.75,2.887845892e-19,1.009095099e-16,0.1663864764
8.8,2.891333623e-19,1.010313904e-16,0.1665874416
8.85,2.8833632e-19,1.010170429e-16,0.1665644108
8.9,2.365944456e-19,1.014915327e-16,0.1672021888
8.95,2.898372643e-19,1.015893963e-16,0.1675238027
9,2.710938534e-19,1.016849222e-16,0.1677495603
9.05,3.174682385e-19,1.022290189e-16,0.1685665648
9.1,2.613718843e-19,1.023803958e-16,0.1688457401
9.15,3.020253109e-19,1.025552028e-16,0.1690760387
9.2,2.946535144e-19,1.029555102e-16,0.1697679289
9.25,2.926877283e-19,1.022686346e-16,0.1686353092
9.3,-1.862238291e-16,-5.993785148e-17,0.1649287914
9.35,1.458632938e-17,1.168617818e-16,0.1723315992
9.4,1.005894746e-17,1.097927805e-16,0.178170308
9.45,1.000192275e-17,1.061609197e-16,0.1722142368
9.5,8.257154911e-18,8.933271387e-17,0.1448312409
9.55,-1.318507665e-18,-1.426470195e-17,-0.02312674032
9.6,-1.430796942e-18,-1.492564943e-17,-0.0243882502
9.65,1.853806116e-18,2.552445475e-17,0.03975935023
9.7,-2.765897967e-16,-1.569880318e-16,-0.03000983622
9.75,-1.861803657e-17,-7.796290284e-18,0.006148835585
9.8,1.673101809e-17,1.312534703e-17,0.01046524721
9.85,-4.342721212e-15,-3.126279644e-15,-0.01504447607
9.9,2.657655893e-16,1.754416884e-16,0.01086057062
9.95,-2.584757135e-15,-4.16738279e-15,-0.001306387069
10,-3.107111686e-16,-5.050594937e-16,-0.004077078385
