#Exudyn implicit second order time integration sensor output file
#measure Node number = 3
#OutputVariableType = AngularVelocity
#simulation started = 2024-10-23,21:26:56
#columns contain: time, comma separated sensor values (e.g, x,y,z position coordinates)
#number of sensor values = 3
#Exudyn version = 1.9.0; Python3.11.8; Windows AVX2 FLOAT64
#
0,0,0,0
0.05,-1.32459566e-11,-1.041296595e-11,-1.889462795e-11
0.1,-1.823837614e-11,1.85129795e-11,-5.464574217e-10
0.15,-3.862518991e-11,9.295025363e-12,-7.742503089e-10
0.2,-6.006088608e-11,-1.179662793e-12,-1.559081457e-09
0.25,-6.835055276e-11,1.616760311e-11,-1.639310244e-09
0.3,-6.649326575e-11,3.577071685e-11,-1.894800472e-09
0.35,-5.902076217e-11,3.08563968e-11,-1.641960186e-09
0.4,-6.608911635e-11,5.367555162e-11,-1.09449442e-09
0.45,-5.10608001e-11,7.829319097e-11,-9.193060014e-10
0.5,0.0003406141266,-0.0002459128008,-0.1190649571
0.55,0.0008224452118,9.685383643e-05,-0.4817041273
0.6,0.0003644276627,-4.669995317e-05,-0.4096327358
0.65,0.0007896617008,-0.0003174481375,-0.4338999562
0.7,0.0006511970883,0.0001491316765,-0.4871345776
0.75,0.0002886806088,-0.0005192765025,-0.4695202936
0.8,4.703846473e-05,0.0003019845345,-0.4977975457
0.85,-0.000216484732,-0.0001758432864,-0.4905309339
0.9,-0.000474508851,0.000461485003,-0.4922747479
0.95,-0.0003862705798,-0.000132174009,-0.4951813882
1,-0.0004207839765,0.000242475759,-0.4958784299
1.05,0.0003709519491,-0.0001023710991,-0.5000933495
1.1,0.0001504492721,-0.0001029316719,-0.5060162648
1.15,0.0005047266489,-0.0002122907691,-0.5074326524
1.2,5.851189283e-05,-0.0001715242952,-0.5102494286
1.25,-0.0001147404174,0.0001824424723,-0.5161164431
1.3,-9.437652344e-05,9.251719708e-05,-0.2546214454
1.35,-0.000366837915,8.768570292e-05,-0.361326651
1.4,-1.153573718e-05,0.0002037417958,-0.4170049896
1.45,0.0002838708297,-0.0004716327836,-0.2770951616
1.5,0.0001003360436,0.0001907034815,-0.4272412419
1.55,-3.193480129e-05,-0.0001861383077,-0.3396938629
1.6,0.0001290652025,7.793190756e-05,-0.3633968041
1.65,-0.000192095856,0.0002705158009,-0.3969382099
1.7,-0.0003668963253,-0.0002089082932,-0.3499906165
1.75,0.0002327767913,0.0002994718333,-0.3991912799
1.8,0.0002928822303,-0.0004497174471,-0.3752155076
1.85,0.0001314142374,0.000224529563,-0.3859163031
1.9,-0.0004080198637,-0.0003538809914,-0.3983385234
1.95,-0.0001147308649,0.0005780712081,-0.386140202
2,-0.000366799962,0.0003052056907,-0.2788785695
2.05,0.0004145831487,-0.0001826345334,0.4155595925
2.1,2.244150484e-05,7.300710738e-05,0.03663158215
2.15,6.184102229e-05,0.0003507345602,0.2649130585
2.2,-0.0006495412898,-0.0006124509006,0.1206256709
2.25,3.021743668e-06,0.0006203140107,0.194815047
2.3,0.0002679703432,-0.0006636625941,0.1438065042
2.35,0.0006604249554,0.000627221657,0.1603755377
2.4,-0.0003704078991,-0.0006374074466,0.1571527377
2.45,-0.0006050985226,0.0007861718122,0.1566766668
2.5,-8.890248191e-05,-0.0006767886658,0.1659045188
2.55,0.0007038399664,0.0003915267042,0.1564151727
2.6,0.0003033553632,-0.0003336701212,0.1667621706
2.65,-0.000316004718,0.0002982441709,0.1618727227
2.7,-0.0005806627631,-0.0002025202119,0.160007846
2.75,1.357820073e-05,0.0001335482665,0.1627085972
2.8,0.000485725115,7.561082562e-05,0.1643308154
2.85,0.0003863225273,-0.0002180273811,0.1607384393
2.9,-0.0003453272216,0.000215308119,0.1619724775
2.95,-0.0005294668393,-0.0004185540935,0.1645733044
3,-0.00047170223,0.0009386736869,0.2776414497
3.05,0.0003929245265,-0.0005305018631,0.6312711753
3.1,0.0001721344731,0.001234634006,0.4347387164
3.15,-0.0004242252926,-0.0009604530493,0.5047283372
3.2,-0.0003884451764,0.0002201302008,0.4863816452
3.25,0.0003335682604,-0.0007121511878,0.4697899919
3.3,0.0007861244355,0.001018924313,0.4786842525
3.35,-0.0003492178774,-0.000509988346,0.4574390421
3.4,-0.001006116806,0.0004098456982,0.4614062849
3.45,0.0001194534386,-0.0004603864888,0.4577826955
3.5,0.0008286148374,0.000501711422,0.4518573018
3.55,4.801951217e-05,-0.0004078120188,0.4546784312
3.6,0.0001631046775,-1.577676093e-05,0.4555904218
3.65,0.0001193387311,6.364195783e-05,0.4508096234
3.7,-0.001021507069,-0.0001536362849,0.4531728306
3.75,-0.0002461312298,0.0005171110136,0.453178176
3.8,0.0009681499945,-0.0001658137982,0.4475829515
3.85,-0.0003792392034,-3.630167504e-05,0.448956215
3.9,0.0004847261719,-0.0007203502836,0.4490689422
3.95,0.0002812366068,0.0008647470141,0.4435349302
4,-0.0005090838363,-0.0006780125843,0.4458733385
4.05,-4.075530331e-05,0.0009713631206,0.4450069649
4.1,-0.0007450367416,-0.001090027241,0.4392421025
4.15,-6.694939853e-05,0.0007232125006,0.4414943687
4.2,0.0008091554858,-0.0002236590872,0.4393309186
4.25,-5.678022803e-05,0.0002003958483,0.4362042308
4.3,0.0007084901223,-0.0003114631994,0.1921974627
4.35,-0.0007254816506,-2.298109729e-05,0.2420117136
4.4,0.0005247644852,0.0002921491734,0.3449795733
4.45,-0.00112370353,-7.75056469e-05,0.1994903121
4.5,-4.19400423e-05,0.0002113253664,0.2901955397
4.55,-0.0005803247144,-0.0007022587855,0.2688222757
4.6,0.001008041346,0.0009191100173,0.2336141962
4.65,7.578029431e-05,-0.0008065482812,0.2794041722
4.7,0.0003805408713,0.0008176095304,0.2471108927
4.75,0.0001752261013,-0.0009637675358,0.2551782271
4.8,0.0003426981787,0.001066486861,0.261056474
4.85,0.0002375165382,-0.0007525331952,0.2483111373
4.9,-0.001372234711,0.0001843821731,0.255426551
4.95,0.0003394963047,-0.0002050129169,0.2502313596
5,-0.0008015419674,0.0002423479606,0.1434656289
5.05,0.0007110545162,-0.0001639420591,-0.1857657374
5.1,0.0004428072886,0.0003045788445,-0.1008416256
5.15,0.000634602967,-0.0003566981589,-0.1087622081
5.2,0.001987486382,0.0009455985164,-0.1638489166
5.25,7.453738372e-05,-0.000605190791,-0.1434646995
5.3,0.001092725998,-6.304757408e-05,-0.1707241476
5.35,0.001427757723,0.0008622142816,-0.1655044021
5.4,-0.0004511896883,-0.0009847338393,-0.1637921672
5.45,-9.453734735e-05,0.0006797167789,-0.1698227228
5.5,-0.000347636035,-0.000806138064,-0.3021986085
5.55,4.940903072e-05,0.001121316144,-0.4061773444
5.6,0.000564970799,-0.000579702139,-0.3992128876
5.65,-0.0008243157905,6.091700268e-05,-0.4257435451
5.7,0.002391661001,0.0001061358423,-0.4563524383
5.75,-0.0001894147137,-3.471799563e-05,-0.462115678
5.8,0.001867021178,-9.447990595e-05,-0.4796429111
5.85,-0.0007344545659,-0.0002973241059,-0.4866266281
5.9,0.001360800642,0.000439045459,-0.4875033266
5.95,-0.001636097303,-0.0004075513426,-0.492199427
6,-0.0001677525517,0.0007204336158,-0.493742398
6.05,-0.002135909774,-0.0006035982644,-0.4922182707
6.1,0.001067727757,0.0009661971722,-0.4988120657
6.15,2.456111304e-05,-0.000964091676,-0.5001053996
6.2,0.0009453765451,0.0003495691977,-0.5013029865
6.25,0.0008666867748,-0.0009666017656,-0.5077276451
6.3,-0.0008140443701,0.0006363417355,-0.5084506356
6.35,0.00080381196,-0.0001237357655,-0.5101421933
6.4,-0.001507717262,0.0006965428474,-0.5167817234
6.45,-0.0009444609657,-0.0006608275415,-0.5172270997
6.5,0.00132776737,0.0007938838227,-0.520420826
6.55,2.617820205e-05,-0.0008552110054,-0.2765619421
6.6,0.0007207677555,-0.0003197985479,-0.3585765932
6.65,0.0008639030691,0.000360172907,-0.424659185
6.7,-0.001514128764,-0.0002119341759,-0.296339562
6.75,-0.001416264681,0.001013063511,-0.4254184891
6.8,0.001009402715,-0.0002618037074,-0.3564447295
6.85,0.001188474207,0.0002312098938,-0.3697815391
6.9,-0.0005646055922,-0.001352944325,-0.4068244967
6.95,-0.0005420305345,0.0005781490818,-0.3628139686
7,-9.820338631e-05,0.0004710979853,-0.2766168127
7.05,0.0005350768774,0.0008956594475,0.1818303706
7.1,-0.0009987329847,-0.0001066747981,-0.05902259173
7.15,-0.0007595569855,0.0001792136764,0.003712553944
7.2,0.0008062992823,-0.001570932281,0.08089164748
7.25,0.00133912233,0.0007313457255,-0.07909290263
7.3,0.0001181972884,-0.0002838973348,0.09232272998
7.35,-0.001775171298,0.0009900013979,-0.06565605271
7.4,-0.001029867382,-0.0002145418636,0.03820328776
7.45,0.001052244158,1.018431156e-05,-0.01733282122
7.5,0.001750303134,-0.0007807425783,-0.003475581798
7.55,0.0001189983143,-0.0004022907188,0.2192429063
7.6,-0.001258376557,0.00041558393,0.149238717
7.65,-0.0007176271457,0.0005114936744,0.1572579382
7.7,0.0001200870871,0.0003596404281,0.1693020158
7.75,0.0004157795686,-0.0002693994918,0.1571470516
7.8,0.0004188130921,-0.0005355685586,0.1675745987
7.85,0.0004838339608,-0.0005616443416,0.1585061486
7.9,-3.976957661e-05,0.0007550791919,0.1643626248
7.95,-0.001038481388,0.0002621733486,0.1638873807
8,-0.001525685267,0.0009247699061,0.276331084
8.05,0.0005877821161,-0.0005872085599,0.5992342106
8.1,0.001690872917,0.0004281910168,0.4582847748
8.15,-3.721928387e-05,-0.0009311086418,0.4694189902
8.2,-0.001526632127,0.0002427601096,0.4999252332
8.25,-0.0004610516398,0.000323250991,0.4618211203
8.3,0.0009462257106,0.0009049211464,0.4719459178
8.35,-0.0005061645176,-0.0007639306158,0.4618271489
8.4,-0.0003513573511,-0.0005065051421,0.4570534599
8.45,0.001771690383,7.393940997e-05,0.4537229574
8.5,0.0001311340097,0.000247046075,0.4508182881
8.55,-0.001686412467,-4.954857541e-05,0.4512583395
8.6,0.0002834973688,0.0001623049719,0.448855972
8.65,-0.0005452325191,1.619504696e-05,0.4470404111
8.7,-0.0001757393935,-0.0004859655618,0.4489784122
8.75,0.002331293696,0.0009194415418,0.4454058182
8.8,-0.0002200352788,-0.001152369911,0.4437623413
8.85,-0.0005507400851,0.0002459644254,0.4455226167
8.9,0.000232937752,0.0001756803218,0.4421645785
8.95,-0.001982329219,0.0001386316762,0.441143831
9,0.0008561531557,0.0003284245898,0.4429611519
9.05,-0.001041419098,-0.0004085849138,0.4387984714
9.1,0.001517995302,-0.000171875903,0.4383288505
9.15,0.0009894703331,0.0005148971326,0.4389375641
9.2,0.0001870413107,-0.0001442643588,0.434486591
9.25,0.000458297862,-8.929612597e-05,0.3270648265
9.3,-0.0005386078179,-0.0004242191974,0.2494375191
9.35,0.0008674467126,0.0007581946468,0.2047482539
9.4,-0.001295788901,-0.0002570569051,0.1551387416
9.45,0.0007289934287,3.910446535e-05,0.141415881
9.5,-0.001005480166,-0.0004814323928,0.1588098435
9.55,0.002205788769,0.0007285137279,-0.08695146508
9.6,-0.0009679087586,-0.0002663577849,-0.01964097247
9.65,0.0008494450687,-4.431568932e-05,0.08988309419
9.7,-0.002052320425,-0.0002865398357,-0.06682813936
9.75,0.001160696357,0.000368359009,0.02706837859
9.8,-0.001150705656,-0.0001086557966,0.01470303182
9.85,0.0006534683073,-3.665193011e-05,-0.03171472362
9.9,-0.0005346881838,-0.0004670963319,0.02314971835
9.95,0.001361718682,0.0005385172398,-0.007687931025
10,0.0003406552747,0.0001093500851,-0.00524075331
