#Exudyn implicit second order time integration sensor output file
#measure Body number = 5
#OutputVariableType = Rotation
#simulation started = 2024-11-21,17:42:05
#columns contain: time, comma separated sensor values (e.g, x,y,z position coordinates)
#number of sensor values = 3
#Exudyn version = 1.9.0; Python3.11.8; Windows AVX2 FLOAT64
#
0,-0,0,1.820121136
0.01,-2.464085259e-59,2.001824441e-59,1.820125089
0.02,-8.121052439e-58,6.582003693e-58,1.820141769
0.03,2.457953598e-58,-1.473109294e-58,1.820160824
0.04,4.390490247e-58,-1.866140302e-58,1.820178161
0.05,4.390533548e-58,-1.866082465e-58,1.820198758
0.06,4.390585657e-58,-1.865998359e-58,1.820221447
0.07,7.185072885e-57,-3.06552235e-57,1.82024266
0.08,7.185154847e-57,-3.065375502e-57,1.82026233
0.09,7.185237946e-57,-3.065230233e-57,1.820281849
0.1,7.18531919e-57,-3.065089398e-57,1.820300517
0.11,7.185392594e-57,-3.064962503e-57,1.820317429
0.12,7.185467484e-57,-3.064835007e-57,1.820334558
0.13,7.18554417e-57,-3.064704478e-57,1.820352019
0.14,7.185620213e-57,-3.064574304e-57,1.82036947
0.15,7.18569656e-57,-3.064442827e-57,1.820387189
0.16,7.185774766e-57,-3.064307499e-57,1.820405477
0.17,7.18585468e-57,-3.064168701e-57,1.820424289
0.18,7.191045568e-57,-3.056895296e-57,1.820443653
0.19,7.197019699e-57,-3.048530812e-57,1.820462931
0.2,7.197098964e-57,-3.048393109e-57,1.820481524
0.21,7.19718076e-57,-3.048252629e-57,1.820500724
0.22,7.205190493e-57,-3.037056954e-57,1.820519697
0.23,7.214067264e-57,-3.024654877e-57,1.820537615
0.24,7.209357012e-57,-3.031196053e-57,1.82055531
0.25,7.199173493e-57,-3.045365908e-57,1.820573204
0.26,7.210444599e-57,-3.029627353e-57,1.82059134
0.27,7.213628315e-57,-3.025161311e-57,1.82060996
0.28,7.21040716e-57,-3.029622095e-57,1.820629101
0.29,7.207340105e-57,-3.033869717e-57,1.820648242
0.3,7.22242875e-57,-3.012815319e-57,1.820666974
0.31,7.230566663e-57,-3.00144479e-57,1.82068577
0.32,7.221970859e-57,-3.013390232e-57,1.820705004
0.33,7.207851632e-57,-3.033031684e-57,1.820723831
0.34,7.203216307e-57,-3.039462317e-57,1.820742256
0.35,7.187691307e-57,-3.0610632e-57,1.820760314
0.36,7.18247065e-57,-3.068307193e-57,1.820778606
0.37,7.182228855e-57,-3.068614991e-57,1.820797262
0.38,7.182309388e-57,-3.068472717e-57,1.820815991
0.39,7.156581775e-57,-3.104270344e-57,1.820834994
0.4,7.17037252e-57,-3.085040129e-57,1.820853769
0.41,7.170451097e-57,-3.08490115e-57,1.820872123
0.42,7.170012764e-57,-3.085481916e-57,1.820891076
0.43,7.170095342e-57,-3.085336824e-57,1.820910211
0.44,7.186545187e-57,-3.062406771e-57,1.820929064
0.45,7.186623725e-57,-3.062267375e-57,1.820947415
0.46,7.18670415e-57,-3.062125201e-57,1.820966115
0.47,7.186787766e-57,-3.061978339e-57,1.820985403
0.48,7.186868094e-57,-3.06183678e-57,1.821004007
0.49,7.166592835e-57,-3.090030442e-57,1.821022067
0.5,7.166672206e-57,-3.08989212e-57,1.821040291
0.51,7.166752821e-57,-3.089751949e-57,1.821058748
0.52,7.166832465e-57,-3.089613171e-57,1.821077031
0.53,7.166912986e-57,-3.0894729e-57,1.82109551
0.54,7.166994881e-57,-3.089330305e-57,1.821114292
0.55,7.16707407e-57,-3.089191404e-57,1.821132618
0.56,7.167155273e-57,-3.089049042e-57,1.821151399
0.57,7.167236911e-57,-3.088905693e-57,1.821170317
0.58,7.167317329e-57,-3.088764206e-57,1.821188998
0.59,7.167398897e-57,-3.088621185e-57,1.821207867
0.6,7.167481373e-57,-3.088477108e-57,1.821226858
0.61,7.167561545e-57,-3.088336769e-57,1.821245365
0.62,7.167641613e-57,-3.088196743e-57,1.821263826
0.63,7.167722491e-57,-3.088055283e-57,1.821282477
0.64,7.167804811e-57,-3.087911197e-57,1.821301478
0.65,7.167886231e-57,-3.087768075e-57,1.821320369
0.66,7.167965569e-57,-3.087627701e-57,1.821338924
0.67,7.168046169e-57,-3.087484765e-57,1.821357829
0.68,7.168130709e-57,-3.087335239e-57,1.821377595
0.69,7.168215881e-57,-3.087184567e-57,1.821397513
0.7,7.168298977e-57,-3.087037431e-57,1.821416966
0.71,7.168381667e-57,-3.086891633e-57,1.821436223
0.72,7.168463795e-57,-3.086747395e-57,1.821455257
0.73,7.168544613e-57,-3.086605653e-57,1.821473953
0.74,7.168624854e-57,-3.086465005e-57,1.821492504
0.75,7.168703563e-57,-3.086326582e-57,1.821510773
0.76,7.168784623e-57,-3.086184456e-57,1.821529521
0.77,7.168867118e-57,-3.086040011e-57,1.821548568
0.78,7.168946067e-57,-3.085900833e-57,1.821566947
0.79,7.169027505e-57,-3.085757906e-57,1.821585804
0.8,7.169109703e-57,-3.085613613e-57,1.821604841
0.81,7.169191553e-57,-3.085469669e-57,1.82162384
0.82,7.169273923e-57,-3.085324827e-57,1.821642957
0.83,7.169355535e-57,-3.085181053e-57,1.821661941
0.84,7.169437318e-57,-3.085037028e-57,1.821680956
0.85,7.169519438e-57,-3.084892531e-57,1.82170003
0.86,7.169601618e-57,-3.084748033e-57,1.8217191
0.87,7.169682591e-57,-3.084605505e-57,1.821737914
0.88,7.169763759e-57,-3.084462742e-57,1.821756755
0.89,7.169844003e-57,-3.084321245e-57,1.82177544
0.9,7.169927323e-57,-3.084175091e-57,1.821794718
0.91,7.170010594e-57,-3.084029059e-57,1.821813978
0.92,7.170090606e-57,-3.083887987e-57,1.821832604
0.93,7.170170424e-57,-3.083747079e-57,1.821851215
0.94,7.170253751e-57,-3.08360063e-57,1.821870541
0.95,7.170338265e-57,-3.083452297e-57,1.821890109
0.96,7.170422061e-57,-3.083305332e-57,1.821909493
0.97,7.17050309e-57,-3.083162944e-57,1.821928279
0.98,7.170584667e-57,-3.083020134e-57,1.821947105
0.99,7.170666247e-57,-3.082877528e-57,1.821965897
1,7.170745153e-57,-3.082738831e-57,1.821984196
1.01,7.170825734e-57,-3.082597334e-57,1.822002862
1.02,7.170909815e-57,-3.082450322e-57,1.822022238
1.03,7.170991979e-57,-3.082306247e-57,1.822041235
1.04,7.171071619e-57,-3.082166027e-57,1.822059741
1.05,7.171152997e-57,-3.082023125e-57,1.822078592
1.06,7.171235836e-57,-3.081877937e-57,1.822097736
1.07,7.171316121e-57,-3.081736522e-57,1.8221164
1.08,7.171396453e-57,-3.081595026e-57,1.822135072
1.09,7.171478495e-57,-3.081450916e-57,1.822154082
1.1,7.171559816e-57,-3.081307899e-57,1.822172952
1.11,7.17164182e-57,-3.081164014e-57,1.822191927
1.12,7.171722379e-57,-3.081022292e-57,1.822210626
1.13,7.171802368e-57,-3.080881159e-57,1.822229259
1.14,7.171884854e-57,-3.080735964e-57,1.822248421
1.15,7.171967266e-57,-3.080590636e-57,1.822267606
1.16,7.172049777e-57,-3.080445028e-57,1.822286832
1.17,7.172135666e-57,-3.080294352e-57,1.822306706
1.18,7.172219633e-57,-3.080146671e-57,1.822326189
1.19,7.172300722e-57,-3.080003525e-57,1.822345089
1.2,7.172383581e-57,-3.079857896e-57,1.822364301
1.21,7.172466415e-57,-3.079712296e-57,1.822383507
1.22,7.172547151e-57,-3.07956976e-57,1.822402325
1.23,7.172629696e-57,-3.079424304e-57,1.822421524
1.24,7.172714595e-57,-3.079275082e-57,1.822441209
1.25,7.172797449e-57,-3.079128867e-57,1.822460507
1.26,7.172881201e-57,-3.078981628e-57,1.822479931
1.27,7.172966295e-57,-3.078832738e-57,1.822499552
1.28,7.173047773e-57,-3.078689799e-57,1.822518395
1.29,7.173128933e-57,-3.078547801e-57,1.822537105
1.3,7.173210847e-57,-3.078404875e-57,1.822555924
1.31,7.173290104e-57,-3.07826591e-57,1.822574239
1.32,7.173370889e-57,-3.078124499e-57,1.822592873
1.33,7.173453557e-57,-3.07797992e-57,1.822611921
1.34,7.173535902e-57,-3.077835591e-57,1.822630944
1.35,7.173618152e-57,-3.077691356e-57,1.822649956
1.36,7.173698927e-57,-3.077549415e-57,1.822668673
1.37,7.173781868e-57,-3.077404318e-57,1.822687791
1.38,7.173864578e-57,-3.0772596e-57,1.822706857
1.39,7.173946592e-57,-3.077115919e-57,1.822725792
1.4,7.174030366e-57,-3.076969506e-57,1.822745078
1.41,7.174113308e-57,-3.076824239e-57,1.82276422
1.42,7.174196442e-57,-3.076678772e-57,1.822783394
1.43,7.174280017e-57,-3.076532507e-57,1.822802664
1.44,7.174361379e-57,-3.076389305e-57,1.822821552
1.45,7.174444923e-57,-3.076242441e-57,1.822840923
1.46,7.174528952e-57,-3.076094318e-57,1.822860467
1.47,7.174610831e-57,-3.075948832e-57,1.822879695
1.48,7.174696236e-57,-3.075797412e-57,1.822899705
1.49,7.174784669e-57,-3.075640685e-57,1.822920413
1.5,7.174870292e-57,-3.075487599e-57,1.822940674
1.51,7.174957439e-57,-3.075331732e-57,1.822961309
1.52,7.175045432e-57,-3.075174036e-57,1.822982193
1.53,7.175134172e-57,-3.075015025e-57,1.823003251
1.54,7.175223576e-57,-3.074855132e-57,1.823024417
1.55,7.17530995e-57,-3.074700247e-57,1.823044923
1.56,7.175388341e-57,-3.074557897e-57,1.823063813
1.57,7.175468022e-57,-3.074413836e-57,1.823082917
1.58,7.175551061e-57,-3.074264348e-57,1.823102712
1.59,7.175632874e-57,-3.074116532e-57,1.823122308
1.6,7.175712765e-57,-3.073971623e-57,1.823141532
1.61,7.175792413e-57,-3.073827211e-57,1.823160688
1.62,7.175871299e-57,-3.073684104e-57,1.823179672
1.63,7.175952189e-57,-3.073538192e-57,1.823199008
1.64,7.176031177e-57,-3.07339523e-57,1.823217961
1.65,7.176109665e-57,-3.073253274e-57,1.823236778
1.66,7.17618915e-57,-3.073109878e-57,1.823255775
1.67,7.176265998e-57,-3.072970185e-57,1.823274307
1.68,7.176343107e-57,-3.072829648e-57,1.823292965
1.69,7.176424118e-57,-3.072682788e-57,1.823312442
1.7,7.176504158e-57,-3.072537198e-57,1.82333176
1.71,7.176581987e-57,-3.07239515e-57,1.82335062
1.72,7.176662417e-57,-3.07224973e-57,1.823369893
1.73,7.176742942e-57,-3.072104888e-57,1.823389064
1.74,7.176818566e-57,-3.071968297e-57,1.823407152
1.75,7.176893849e-57,-3.071832995e-57,1.823425069
1.76,7.176970209e-57,-3.07169607e-57,1.823443175
1.77,7.177045133e-57,-3.071561096e-57,1.823461038
1.78,7.177119938e-57,-3.071425867e-57,1.823478948
1.79,7.177195152e-57,-3.071289523e-57,1.823497016
1.8,7.177270979e-57,-3.071151924e-57,1.823515253
1.81,7.177344549e-57,-3.071017495e-57,1.823533092
1.82,7.177417706e-57,-3.07088352e-57,1.82355088
1.83,7.177493198e-57,-3.070745738e-57,1.823569162
1.84,7.177567205e-57,-3.07061006e-57,1.823587177
1.85,7.1776403e-57,-3.070475773e-57,1.823605015
1.86,7.177716532e-57,-3.070337002e-57,1.823623417
1.87,7.177790059e-57,-3.070202708e-57,1.823641228
1.88,7.177858771e-57,-3.07007622e-57,1.823658029
1.89,7.177928114e-57,-3.069948918e-57,1.823674929
1.9,7.177998617e-57,-3.069819479e-57,1.823692114
1.91,7.178070753e-57,-3.069687061e-57,1.823709695
1.92,7.178142324e-57,-3.069554958e-57,1.823727251
1.93,7.178216127e-57,-3.069419257e-57,1.823745276
1.94,7.178289914e-57,-3.069283487e-57,1.823763327
1.95,7.178359896e-57,-3.069152864e-57,1.823780724
1.96,7.178434448e-57,-3.069014551e-57,1.823799132
1.97,7.178513152e-57,-3.068868735e-57,1.82381853
1.98,7.178591106e-57,-3.068722815e-57,1.823837982
1.99,7.178671604e-57,-3.068571484e-57,1.823858178
2,7.178754625e-57,-3.068414309e-57,1.823879185
2.01,7.178842628e-57,-3.068247827e-57,1.823901438
2.02,7.178932813e-57,-3.068076753e-57,1.823924315
2.03,7.179022797e-57,-3.067905305e-57,1.823947258
2.04,7.179110369e-57,-3.067737252e-57,1.823969775
2.05,7.179199858e-57,-3.067566418e-57,1.823992642
2.06,7.179288802e-57,-3.067396656e-57,1.824015361
2.07,7.179377935e-57,-3.067227132e-57,1.824038032
2.08,7.179466065e-57,-3.06705961e-57,1.824060429
2.09,7.179553161e-57,-3.066894085e-57,1.824082583
2.1,7.179640502e-57,-3.066727912e-57,1.8241048
2.11,7.179727908e-57,-3.066561313e-57,1.824127081
2.12,7.179815999e-57,-3.066393276e-57,1.824149558
2.13,7.179905921e-57,-3.06622217e-57,1.824172435
2.14,7.179996091e-57,-3.066050651e-57,1.824195361
2.15,7.180083526e-57,-3.065883325e-57,1.824217747
2.16,7.180167855e-57,-3.065720769e-57,1.824239524
2.17,7.180256379e-57,-3.065551827e-57,1.824262118
2.18,7.180345583e-57,-3.065381529e-57,1.824284888
2.19,7.180432164e-57,-3.065214925e-57,1.824307196
2.2,7.180519671e-57,-3.065046616e-57,1.824329733
2.21,7.180609234e-57,-3.064874828e-57,1.824352721
2.22,7.180698067e-57,-3.064703898e-57,1.824375605
2.23,7.180786241e-57,-3.064533771e-57,1.824398392
2.24,7.180875941e-57,-3.064361452e-57,1.824421489
2.25,7.180967376e-57,-3.064186115e-57,1.824444946
2.26,7.181058363e-57,-3.064011397e-57,1.824468322
2.27,7.18114858e-57,-3.063837841e-57,1.82449155
2.28,7.181240811e-57,-3.063661344e-57,1.824515149
2.29,7.181332304e-57,-3.063485808e-57,1.824538623
2.3,7.181421361e-57,-3.063313728e-57,1.824561665
2.31,7.181512356e-57,-3.063138117e-57,1.824585178
2.32,7.181604633e-57,-3.062959501e-57,1.824609103
2.33,7.181695312e-57,-3.062782019e-57,1.824632925
2.34,7.18178941e-57,-3.062598054e-57,1.82465762
2.35,7.181887084e-57,-3.06240752e-57,1.824683184
2.36,7.181984083e-57,-3.06221744e-57,1.8247087
2.37,7.182079404e-57,-3.062029969e-57,1.824733882
2.38,7.18217604e-57,-3.061840564e-57,1.824759264
2.39,7.182273834e-57,-3.061650283e-57,1.824784768
2.4,7.182368618e-57,-3.06146482e-57,1.824809643
2.41,7.182461872e-57,-3.06128052e-57,1.824834414
2.42,7.182559784e-57,-3.061085443e-57,1.824860684
2.43,7.182663901e-57,-3.06087427e-57,1.824889229
2.44,7.182782078e-57,-3.060632826e-57,1.824921931
2.45,7.182914398e-57,-3.060358666e-57,1.824959164
2.46,7.183060663e-57,-3.060050566e-57,1.825001147
2.47,7.183224267e-57,-3.059702829e-57,1.825048608
2.48,7.183401554e-57,-3.059320431e-57,1.82510088
2.49,7.183594574e-57,-3.058901295e-57,1.825158308
2.5,7.183806522e-57,-3.058441231e-57,1.825221335
2.51,7.184030173e-57,-3.057953397e-57,1.825288202
2.52,7.184257885e-57,-3.057452016e-57,1.825357031
2.53,7.184494808e-57,-3.056931541e-57,1.825428445
2.54,7.18473581e-57,-3.056400251e-57,1.825501295
2.55,7.184976866e-57,-3.055864783e-57,1.825574875
2.56,7.185226019e-57,-3.05530899e-57,1.825651312
2.57,7.18549073e-57,-3.054715529e-57,1.825733005
2.58,7.185778494e-57,-3.054066944e-57,1.825822473
2.59,7.186100823e-57,-3.053338389e-57,1.82592294
2.6,7.186462532e-57,-3.052519653e-57,1.826035869
2.61,7.186862415e-57,-3.051612067e-57,1.82616119
2.62,7.183291503e-57,-3.047206228e-57,1.826298561
2.63,7.187924739e-57,-3.0496681e-57,1.82644763
2.64,7.188429158e-57,-3.048506589e-57,1.826608117
2.65,7.191492455e-57,-3.0493799e-57,1.826780789
2.66,7.192070789e-57,-3.048048148e-57,1.826965199
2.67,7.192681568e-57,-3.046637571e-57,1.82716059
2.68,7.193323253e-57,-3.045151444e-57,1.827366508
2.69,7.193998019e-57,-3.043588403e-57,1.827583049
2.7,7.194700451e-57,-3.041959602e-57,1.827808695
2.71,7.195425216e-57,-3.04027632e-57,1.828041904
2.72,7.196168316e-57,-3.038547734e-57,1.828281404
2.73,7.196927113e-57,-3.036780971e-57,1.82852618
2.74,7.1976981e-57,-3.034984225e-57,1.828775092
2.75,7.198475645e-57,-3.033168153e-57,1.829026722
2.76,7.199261846e-57,-3.031330237e-57,1.829281359
2.77,7.200058621e-57,-3.029466714e-57,1.829539506
2.78,7.20086445e-57,-3.027577476e-57,1.829801262
2.79,7.201684741e-57,-3.025650156e-57,1.830068331
2.8,7.202528604e-57,-3.023666043e-57,1.830343236
2.81,7.20339898e-57,-3.021617084e-57,1.830627116
2.82,7.204301756e-57,-3.019493675e-57,1.830921191
2.83,7.205233277e-57,-3.017304263e-57,1.831224291
2.84,7.206181136e-57,-3.015072685e-57,1.831533234
2.85,7.207139003e-57,-3.012814215e-57,1.831845894
2.86,7.20810267e-57,-3.010539761e-57,1.832160735
2.87,7.209066436e-57,-3.008260147e-57,1.832476319
2.88,7.210031046e-57,-3.005973871e-57,1.832792847
2.89,7.2110018e-57,-3.003670311e-57,1.833111746
2.9,7.211984564e-57,-3.001336199e-57,1.833434833
2.91,7.212983855e-57,-2.998959297e-57,1.833763834
2.92,7.214006571e-57,-2.996523232e-57,1.834101009
2.93,7.21506047e-57,-2.994010988e-57,1.83444867
2.94,7.216147171e-57,-2.991416324e-57,1.834807727
2.95,7.217268542e-57,-2.988733779e-57,1.835178947
2.96,7.218431838e-57,-2.985951444e-57,1.835563846
2.97,7.219630584e-57,-2.983080813e-57,1.835960909
2.98,7.220859037e-57,-2.980134618e-57,1.836368391
2.99,7.222112451e-57,-2.97712276e-57,1.83678494
3,7.223388171e-57,-2.974051608e-57,1.837209674
3.01,7.22468538e-57,-2.970922392e-57,1.837642429
3.02,7.226006195e-57,-2.967731837e-57,1.838083611
3.03,7.227352888e-57,-2.964476968e-57,1.838533567
3.04,7.228720803e-57,-2.961166335e-57,1.838991167
3.05,7.230106514e-57,-2.957806988e-57,1.839455456
3.06,7.231508847e-57,-2.954403317e-57,1.839925787
3.07,7.23292126e-57,-2.950969744e-57,1.840400193
3.08,7.234337705e-57,-2.947521677e-57,1.840876537
3.09,7.235753115e-57,-2.944070467e-57,1.841353264
3.1,7.23716434e-57,-2.940623875e-57,1.841829304
3.11,7.237757099e-57,-2.939829885e-57,1.842303673
3.12,7.239157218e-57,-2.93639915e-57,1.842777369
3.13,7.240557495e-57,-2.932973628e-57,1.843251969
3.14,7.241778143e-57,-2.930377552e-57,1.843729726
3.15,7.242825752e-57,-2.928624009e-57,1.844211989
3.16,7.244610595e-57,-2.92318035e-57,1.844699606
3.17,7.246058382e-57,-2.919608619e-57,1.845192147
3.18,7.247518976e-57,-2.916000465e-57,1.845689606
3.19,7.248989243e-57,-2.912361594e-57,1.846191238
3.2,7.250469075e-57,-2.908692788e-57,1.846696915
3.21,7.251960852e-57,-2.904990614e-57,1.847207048
3.22,7.253471074e-57,-2.901257377e-57,1.847721083
3.23,7.254982163e-57,-2.897492421e-57,1.848239744
3.24,7.25650967e-57,-2.893680717e-57,1.848764733
3.25,7.258055657e-57,-2.889815895e-57,1.849296959
3.26,7.259625425e-57,-2.885887684e-57,1.849837741
3.27,7.261265826e-57,-2.881904179e-57,1.850386689
3.28,7.262976965e-57,-2.877878102e-57,1.850942041
3.29,7.264947474e-57,-2.873830779e-57,1.851502428
3.3,7.266763301e-57,-2.869748613e-57,1.852065442
3.31,7.268391658e-57,-2.86563799e-57,1.852630726
3.32,7.270031121e-57,-2.861493336e-57,1.853200558
3.33,7.271686043e-57,-2.857303116e-57,1.853776515
3.34,7.273359542e-57,-2.853057587e-57,1.854359968
3.35,7.275058994e-57,-2.848739758e-57,1.854953204
3.36,7.276789389e-57,-2.844336267e-57,1.855558057
3.37,7.278555511e-57,-2.839834426e-57,1.856176232
3.38,7.280365238e-57,-2.8352174e-57,1.85680997
3.39,7.282091808e-57,-2.830490124e-57,1.857459707
3.4,7.283988616e-57,-2.825633132e-57,1.858125941
3.41,7.285930265e-57,-2.820653543e-57,1.858808758
3.42,7.287916658e-57,-2.815551591e-57,1.859508097
3.43,7.28994721e-57,-2.810327906e-57,1.86022386
3.44,7.2920222e-57,-2.80498086e-57,1.860956259
3.45,7.294136115e-57,-2.799519014e-57,1.861704223
3.46,7.296289026e-57,-2.793942463e-57,1.862467702
3.47,7.298485765e-57,-2.788244318e-57,1.863247471
3.48,7.300724173e-57,-2.782429489e-57,1.864042841
3.49,7.303003261e-57,-2.776501506e-57,1.864853269
3.5,7.3053182e-57,-2.770471141e-57,1.865677292
3.51,7.307658017e-57,-2.76435994e-57,1.866512108
3.52,7.310019977e-57,-2.758174681e-57,1.867356776
3.53,7.312409873e-57,-2.751955289e-57,1.868211756
3.54,7.31481191e-57,-2.745578227e-57,1.869075199
3.55,7.317235751e-57,-2.739188122e-57,1.869947011
3.56,7.319675005e-57,-2.732721957e-57,1.870826703
3.57,7.32212708e-57,-2.72622293e-57,1.871712898
3.58,7.324583305e-57,-2.719594784e-57,1.872605764
3.59,7.327064903e-57,-2.712983358e-57,1.873506305
3.6,7.329566018e-57,-2.706307129e-57,1.874415332
3.61,7.332088942e-57,-2.699558705e-57,1.875333727
3.62,7.334637618e-57,-2.692697235e-57,1.876261802
3.63,7.337204109e-57,-2.68580783e-57,1.877198364
3.64,7.339788312e-57,-2.678851447e-57,1.878143545
3.65,7.342397144e-57,-2.671823543e-57,1.879097874
3.66,7.345038442e-57,-2.664708654e-57,1.880063157
3.67,7.347710471e-57,-2.657511807e-57,1.881038673
3.68,7.350396241e-57,-2.65026568e-57,1.882020276
3.69,7.353097877e-57,-2.642969783e-57,1.88300789
3.7,7.355825557e-57,-2.635608119e-57,1.884003386
3.71,7.358568678e-57,-2.628199362e-57,1.885004452
3.72,7.36132827e-57,-2.620740477e-57,1.886011486
3.73,7.364114643e-57,-2.613210173e-57,1.88702718
3.74,7.366925291e-57,-2.605607461e-57,1.888051825
3.75,7.369775584e-57,-2.597900436e-57,1.889089453
3.76,7.372674006e-57,-2.590090493e-57,1.89014268
3.77,7.375615088e-57,-2.582144925e-57,1.891210142
3.78,7.378592636e-57,-2.574095472e-57,1.892290568
3.79,7.381604056e-57,-2.56595113e-57,1.893382745
3.8,7.384650175e-57,-2.557708844e-57,1.894486914
3.81,7.387731935e-57,-2.549371916e-57,1.895602574
3.82,7.390837447e-57,-2.540961422e-57,1.896727094
3.83,7.393958595e-57,-2.532490599e-57,1.897858888
3.84,7.397102566e-57,-2.523943364e-57,1.898999992
3.85,7.400289317e-57,-2.515279801e-57,1.900155347
3.86,7.403506966e-57,-2.506517403e-57,1.901322929
3.87,7.406739672e-57,-2.497682783e-57,1.902499558
3.88,7.410003743e-57,-2.488745514e-57,1.903688904
3.89,7.413301382e-57,-2.47970225e-57,1.904891302
3.9,7.416613378e-57,-2.470590462e-57,1.906102099
3.91,7.419947585e-57,-2.461398477e-57,1.907322573
3.92,7.42330361e-57,-2.452129325e-57,1.908552237
3.93,7.426657604e-57,-2.442829718e-57,1.909785337
3.94,7.430016731e-57,-2.433487554e-57,1.911023276
3.95,7.433402296e-57,-2.424062597e-57,1.912270896
3.96,7.436790597e-57,-2.414598625e-57,1.913522911
3.97,7.440170891e-57,-2.405116208e-57,1.91477682
3.98,7.443572452e-57,-2.39555948e-57,1.916039375
3.99,7.446995422e-57,-2.38592532e-57,1.917310853
4,7.450424147e-57,-2.376240642e-57,1.918587671
4.01,7.453863336e-57,-2.366506687e-57,1.919871106
4.02,7.457335613e-57,-2.356667971e-57,1.921166085
4.03,7.460826931e-57,-2.346756627e-57,1.922469731
4.04,7.464323129e-57,-2.336797814e-57,1.923778746
4.05,7.467835115e-57,-2.32677037e-57,1.925095646
4.06,7.471370752e-57,-2.316658202e-57,1.926422355
4.07,7.474904119e-57,-2.306511162e-57,1.927752874
4.08,7.47844362e-57,-2.29631546e-57,1.929088794
4.09,7.482007522e-57,-2.286035129e-57,1.930434365
4.1,7.485581172e-57,-2.275697298e-57,1.931786336
4.11,7.489151295e-57,-2.265328337e-57,1.933141553
4.12,7.492741273e-57,-2.25488071e-57,1.934505674
4.13,7.496344624e-57,-2.244369184e-57,1.935876961
4.14,7.499931735e-57,-2.233849009e-57,1.937248748
4.15,7.503528669e-57,-2.223271838e-57,1.938626774
4.16,7.507141507e-57,-2.212623754e-57,1.94001271
4.17,7.510738869e-57,-2.201967448e-57,1.941399121
4.18,7.514331761e-57,-2.191280411e-57,1.942788663
4.19,7.517940631e-57,-2.180518363e-57,1.944186617
4.2,7.521548956e-57,-2.169719075e-57,1.945588583
4.21,7.525152027e-57,-2.158881958e-57,1.946994535
4.22,7.528766974e-57,-2.14797537e-57,1.948408283
4.23,7.532381323e-57,-2.137027047e-57,1.949826577
4.24,7.535994069e-57,-2.126037281e-57,1.951249317
4.25,7.539613987e-57,-2.114992322e-57,1.952678148
4.26,7.543228907e-57,-2.103912956e-57,1.954110554
4.27,7.54683624e-57,-2.092800722e-57,1.955546283
4.28,7.550447392e-57,-2.081635921e-57,1.956987692
4.29,7.554061302e-57,-2.07042003e-57,1.958434608
4.3,7.557674282e-57,-2.059164864e-57,1.959886163
4.31,7.561286599e-57,-2.047907026e-57,1.961342241
4.32,7.564893375e-57,-2.0365686e-57,1.962802015
4.33,7.56849973e-57,-2.025185147e-57,1.964266547
4.34,7.572109165e-57,-2.013748925e-57,1.965736744
4.35,7.575506993e-57,-2.002283819e-57,1.967210058
4.36,7.57909984e-57,-1.990784829e-57,1.968686616
4.37,7.582695826e-57,-1.979230395e-57,1.970169147
4.38,7.586286473e-57,-1.967638345e-57,1.971655556
4.39,7.589870123e-57,-1.956012379e-57,1.97314539
4.4,7.593453334e-57,-1.944338229e-57,1.974640303
4.41,7.597041262e-57,-1.932603862e-57,1.976141699
4.42,7.600630375e-57,-1.920840483e-57,1.97764888
4.43,7.604207729e-57,-1.909214111e-57,1.979158837
4.44,7.60777899e-57,-1.897533169e-57,1.980672694
4.45,7.61135069e-57,-1.885629334e-57,1.982191738
4.46,7.61491171e-57,-1.873697666e-57,1.98371345
4.47,7.618459636e-57,-1.861744152e-57,1.985237104
4.48,7.622003475e-57,-1.849748467e-57,1.986765058
4.49,7.625536569e-57,-1.837724957e-57,1.988295652
4.5,7.629055592e-57,-1.825680603e-57,1.989828084
4.51,7.632565558e-57,-1.813578617e-57,1.991366608
4.52,7.6360744e-57,-1.801435663e-57,1.992909369
4.53,7.639552607e-57,-1.789267829e-57,1.994454409
4.54,7.643025971e-57,-1.777050313e-57,1.996004671
4.55,7.646486204e-57,-1.764791797e-57,1.997559115
4.56,7.649913776e-57,-1.752518467e-57,1.99911462
4.57,7.653383154e-57,-1.740200122e-57,2.000674963
4.58,7.656850472e-57,-1.727830953e-57,2.00224057
4.59,7.66030538e-57,-1.715436893e-57,2.003808636
4.6,7.663751141e-57,-1.703009376e-57,2.005380013
4.61,7.667190665e-57,-1.690538506e-57,2.006955509
4.62,7.670614374e-57,-1.678050836e-57,2.008532733
4.63,7.6740206e-57,-1.665544065e-57,2.010111127
4.64,7.67742e-57,-1.652991822e-57,2.011693731
4.65,7.680801828e-57,-1.640437496e-57,2.013278136
4.66,7.684167285e-57,-1.627855213e-57,2.014864009
4.67,7.687527311e-57,-1.615226819e-57,2.01645458
4.68,7.690877926e-57,-1.602557709e-57,2.018048664
4.69,7.694209238e-57,-1.589876392e-57,2.019643527
4.7,7.697524828e-57,-1.577173955e-57,2.021240193
4.71,7.700833525e-57,-1.564427601e-57,2.022841294
4.72,7.704131096e-57,-1.551646625e-57,2.024445787
4.73,7.707413563e-57,-1.538837739e-57,2.026052892
4.74,7.710692417e-57,-1.525980781e-57,2.027664971
4.75,7.713961514e-57,-1.513079642e-57,2.029281531
4.76,7.717214675e-57,-1.500159329e-57,2.030899748
4.77,7.720454881e-57,-1.487217438e-57,2.032519884
4.78,7.723686861e-57,-1.474228842e-57,2.034144721
4.79,7.726896636e-57,-1.461213029e-57,2.03577193
4.8,7.730079018e-57,-1.448197633e-57,2.037398425
4.81,7.733251969e-57,-1.435146912e-57,2.039028326
4.82,7.736415226e-57,-1.422017808e-57,2.04066164
4.83,7.73955733e-57,-1.408928994e-57,2.042294697
4.84,7.742684955e-57,-1.395813307e-57,2.043930193
4.85,7.745870067e-57,-1.382653554e-57,2.045569706
4.86,7.74892668e-57,-1.369478851e-57,2.047210956
4.87,7.75200705e-57,-1.356285061e-57,2.048853524
4.88,7.755073057e-57,-1.34306189e-57,2.050498818
4.89,7.758120986e-57,-1.329819224e-57,2.052145711
4.9,7.761147263e-57,-1.316553933e-57,2.053793268
4.91,7.764157996e-57,-1.303314846e-57,2.055442697
4.92,7.76715328e-57,-1.290029463e-57,2.057094812
4.93,7.770123226e-57,-1.276615397e-57,2.058747667
4.94,7.773074974e-57,-1.263288516e-57,2.060401101
4.95,7.7760118e-57,-1.249932855e-57,2.062057182
4.96,7.778925638e-57,-1.236570462e-57,2.063713428
4.97,7.781815886e-57,-1.223203635e-57,2.065369567
4.98,7.784689791e-57,-1.209811933e-57,2.067027906
4.99,7.78755293e-57,-1.196407646e-57,2.068687046
5,7.790381837e-57,-1.183003023e-57,2.070345649
5.01,7.793180979e-57,-1.169572619e-57,2.072006587
5.02,7.795975756e-57,-1.156122747e-57,2.07366915
5.03,7.798741248e-57,-1.142676483e-57,2.075330728
5.04,7.801516049e-57,-1.129209293e-57,2.076994059
5.05,7.804244789e-57,-1.115724461e-57,2.078658808
5.06,7.806947132e-57,-1.102242631e-57,2.080322655
5.07,7.809629275e-57,-1.088745829e-57,2.081987612
5.08,7.812291126e-57,-1.075235597e-57,2.083653741
5.09,7.814929997e-57,-1.061713341e-57,2.085320041
5.1,7.817544443e-57,-1.048193844e-57,2.086986082
5.11,7.820137481e-57,-1.034666253e-57,2.088652869
5.12,7.822709108e-57,-1.021118004e-57,2.090320314
5.13,7.825253237e-57,-1.007580544e-57,2.091986476
5.14,7.827776168e-57,-9.94030868e-58,2.093653459
5.15,7.830280182e-57,-9.80453839e-58,2.095322041
5.16,7.832754828e-57,-9.668963942e-58,2.096988906
5.17,7.835211341e-57,-9.533159806e-58,2.098657799
5.18,7.837646246e-57,-9.397232091e-58,2.100327573
5.19,7.840053355e-57,-9.261385291e-58,2.101995927
5.2,7.842441272e-57,-9.125377883e-58,2.103665556
5.21,7.844803437e-57,-8.989278201e-58,2.105335675
5.22,7.8471437e-57,-8.853199844e-58,2.107005079
5.23,7.849458698e-57,-8.717013629e-58,2.108675147
5.24,7.851754647e-57,-8.580754063e-58,2.110345566
5.25,7.854020779e-57,-8.444492106e-58,2.112015465
5.26,7.856273875e-57,-8.308112199e-58,2.113686266
5.27,7.85850289e-57,-8.171618333e-58,2.115357826
5.28,7.860701557e-57,-8.035137162e-58,2.117028735
5.29,7.862880014e-57,-7.898456919e-58,2.118701394
5.3,7.865040438e-57,-7.761598107e-58,2.120375632
5.31,7.867177202e-57,-7.624672837e-58,2.122050174
5.32,7.86930176e-57,-7.488183742e-58,2.12372684
5.33,7.871408346e-57,-7.351802983e-58,2.125404871
5.34,7.873500336e-57,-7.214414916e-58,2.127083059
5.35,7.875544243e-57,-7.076955233e-58,2.128761882
5.36,7.877627738e-57,-6.939193167e-58,2.130443041
5.37,7.879634002e-57,-6.801462851e-58,2.132123943
5.38,7.881615262e-57,-6.663704968e-58,2.133804747
5.39,7.883579597e-57,-6.525629637e-58,2.135488658
5.4,7.885518838e-57,-6.387529729e-58,2.137172437
5.41,7.887432362e-57,-6.249662459e-58,2.138855083
5.42,7.889320431e-57,-6.110964952e-58,2.140539312
5.43,7.891189505e-57,-5.97265147e-58,2.142224182
5.44,7.893031636e-57,-5.834402895e-58,2.143907908
5.45,7.894850184e-57,-5.696096672e-58,2.145591844
5.46,7.89664576e-57,-5.557702369e-58,2.147276347
5.47,7.898413362e-57,-5.419258711e-58,2.148961027
5.48,7.900160508e-57,-5.280771384e-58,2.150645781
5.49,7.901869671e-57,-5.142229198e-58,2.15233085
5.5,7.903596757e-57,-5.003589043e-58,2.154016383
5.51,7.905286649e-57,-4.864854945e-58,2.15570265
5.52,7.906938319e-57,-4.726153738e-58,2.157388245
5.53,7.908566435e-57,-4.587365209e-58,2.159074423
5.54,7.910173224e-57,-4.448423558e-58,2.160761905
5.55,7.911754607e-57,-4.309489707e-58,2.162448928
5.56,7.913312484e-57,-4.17048648e-58,2.164136349
5.57,7.914847941e-57,-4.031364596e-58,2.165824719
5.58,7.916358534e-57,-3.892188677e-58,2.167513142
5.59,7.917845507e-57,-3.753017101e-58,2.169202117
5.6,7.919309393e-57,-3.613627424e-58,2.170892102
5.61,7.920747621e-57,-3.474270517e-58,2.172581866
5.62,7.922162846e-57,-3.33462584e-58,2.174272649
5.63,7.923554875e-57,-3.195117457e-58,2.175964093
5.64,7.924921923e-57,-3.055534859e-58,2.177655337
5.65,7.926265467e-57,-2.915883347e-58,2.179346997
5.66,7.927587629e-57,-2.776065429e-58,2.181040151
5.67,7.928884749e-57,-2.63622931e-58,2.182733202
5.68,7.930159076e-57,-2.496296033e-58,2.184427033
5.69,7.931411589e-57,-2.356226003e-58,2.186122093
5.7,7.932637148e-57,-2.216058101e-58,2.187817952
5.71,7.933843314e-57,-2.075825457e-58,2.189514282
5.72,7.935023632e-57,-1.935503632e-58,2.191211326
5.73,7.936179919e-57,-1.795047023e-58,2.192909592
5.74,7.937317344e-57,-1.65442619e-58,2.194609438
5.75,7.938426551e-57,-1.513786505e-58,2.196309251
5.76,7.939510397e-57,-1.373064879e-58,2.198009704
5.77,7.940566612e-57,-1.2322807e-58,2.199710574
5.78,7.941601909e-57,-1.091422245e-58,2.201412026
5.79,7.942613299e-57,-9.504813254e-59,2.203114128
5.8,7.943598836e-57,-8.095508333e-59,2.204815873
5.81,7.944568052e-57,-6.689878093e-59,2.20651871
5.82,7.945507437e-57,-5.278015079e-59,2.208222793
5.83,7.946421959e-57,-3.865810553e-59,2.209927036
5.84,7.947283887e-57,-2.451892157e-59,2.211633404
5.85,7.948191068e-57,-1.036108182e-59,2.213340573
5.86,7.949033118e-57,3.791420034e-60,2.215047534
5.87,7.949851916e-57,1.795835405e-59,2.216755877
5.88,7.950647068e-57,3.213830042e-59,2.218465454
5.89,7.951416327e-57,4.631732335e-59,2.220174838
5.9,7.952164151e-57,6.049635386e-59,2.221885631
5.91,7.952885224e-57,7.469730161e-59,2.223596958
5.92,7.95358035e-57,8.889898903e-59,2.2253082
5.93,7.954251452e-57,1.031113795e-58,2.227020433
5.94,7.954898396e-57,1.173352357e-58,2.228733764
5.95,7.955518618e-57,1.315566738e-58,2.230446695
5.96,7.956117084e-57,1.45802305e-58,2.232162096
5.97,7.956689378e-57,1.60047256e-58,2.233877269
5.98,7.95723463e-57,1.742858854e-58,2.235591601
5.99,7.957740341e-57,1.885440445e-58,2.23730807
6,7.95823801e-57,2.028053952e-58,2.23902457
6.01,7.958687318e-57,2.170560042e-58,2.240739968
6.02,7.95913431e-57,2.313290933e-58,2.242457491
6.03,7.959557278e-57,2.456172198e-58,2.244176555
6.04,7.959954554e-57,2.599114427e-58,2.245896091
6.05,7.960327003e-57,2.742161682e-58,2.247616643
6.06,7.960677208e-57,2.885465758e-58,2.249340034
6.07,7.961002085e-57,3.028900275e-58,2.251064527
6.08,7.961300715e-57,3.172312715e-58,2.252789175
6.09,7.961575188e-57,3.316034864e-58,2.254515936
6.1,7.961823797e-57,3.459752603e-58,2.256243136
6.11,7.962045703e-57,3.603538197e-58,2.257970405
6.12,7.962244549e-57,3.747323792e-58,2.259699401
6.13,7.962415585e-57,3.891102403e-58,2.261427459
6.14,7.96256171e-57,4.034958172e-58,2.263156276
6.15,7.962682758e-57,4.17889036e-58,2.264885834
6.16,7.962777886e-57,4.322842472e-58,2.266615529
6.17,7.962848448e-57,4.466895735e-58,2.268346246
6.18,7.962892376e-57,4.610993367e-58,2.2700774
6.19,7.962910228e-57,4.755150291e-58,2.27180917
6.2,7.962905422e-57,4.899411561e-58,2.273542049
6.21,7.962868173e-57,5.043681718e-58,2.275275017
6.22,7.962809345e-57,5.1880987e-58,2.277009545
6.23,7.962725645e-57,5.332514034e-58,2.278744039
6.24,7.962611728e-57,5.47692826e-58,2.280478498
6.25,7.962475888e-57,5.621484603e-58,2.282214463
6.26,7.962313163e-57,5.766016583e-58,2.283950158
6.27,7.962123451e-57,5.910518372e-58,2.285685531
6.28,7.961909852e-57,6.05524669e-58,2.287423352
6.29,7.961669676e-57,6.199988177e-58,2.289161331
6.3,7.961413027e-57,6.344255992e-58,2.290899774
6.31,7.961122486e-57,6.489203617e-58,2.292639976
6.32,7.960793342e-57,6.6341178e-58,2.29438007
6.33,7.960452239e-57,6.779100332e-58,2.296120641
6.34,7.960082969e-57,6.924174385e-58,2.297862277
6.35,7.95968692e-57,7.06924458e-58,2.29960391
6.36,7.959265205e-57,7.214402038e-58,2.30134651
6.37,7.958815203e-57,7.359599666e-58,2.303088776
6.38,7.958338237e-57,7.504968078e-58,2.30483201
6.39,7.957839195e-57,7.650037074e-58,2.306575064
6.4,7.957311741e-57,7.795224854e-58,2.308318133
6.41,7.956758364e-57,7.940465252e-58,2.310061808
6.42,7.956178639e-57,8.085728241e-58,2.311805781
6.43,7.955572112e-57,8.230970388e-58,2.313549595
6.44,7.95494121e-57,8.376286674e-58,2.31529426
6.45,7.954283469e-57,8.52160818e-58,2.317039079
6.46,7.953592646e-57,8.666997652e-58,2.318784839
6.47,7.952878202e-57,8.812404146e-58,2.320530848
6.48,7.952146897e-57,8.957860276e-58,2.322277365
6.49,7.951414093e-57,9.103403398e-58,2.324024559
6.5,7.95062211e-57,9.248919463e-58,2.325772029
6.51,7.949803101e-57,9.394403189e-58,2.327519265
6.52,7.948957735e-57,9.539952184e-58,2.32926733
6.53,7.948085971e-57,9.685576263e-58,2.331016342
6.54,7.947186285e-57,9.831069046e-58,2.332764088
6.55,7.946260869e-57,9.976679492e-58,2.334513213
6.56,7.945308795e-57,1.012222331e-57,2.336262028
6.57,7.944329161e-57,1.026766181e-57,2.338009621
6.58,7.943323059e-57,1.041321969e-57,2.33975805
6.59,7.942290758e-57,1.055843149e-57,2.341504624
6.6,7.941229719e-57,1.070337264e-57,2.343247823
6.61,7.940144212e-57,1.084848493e-57,2.344993209
6.62,7.939031156e-57,1.099346371e-57,2.346736885
6.63,7.93788939e-57,1.113806103e-57,2.348476063
6.64,7.936722953e-57,1.128276242e-57,2.350216425
6.65,7.93553102e-57,1.142732328e-57,2.351955353
6.66,7.934311263e-57,1.157159715e-57,2.353691289
6.67,7.933068627e-57,1.171596884e-57,2.355428353
6.68,7.931798853e-57,1.186011798e-57,2.357163176
6.69,7.930502197e-57,1.200411162e-57,2.35889648
6.7,7.929178905e-57,1.214811057e-57,2.360630004
6.71,7.927826034e-57,1.229192128e-57,2.362361715
6.72,7.926450484e-57,1.243553419e-57,2.364091473
6.73,7.925047654e-57,1.257896583e-57,2.36581945
6.74,7.923618621e-57,1.2722126e-57,2.367544656
6.75,7.922164211e-57,1.286509626e-57,2.369267935
6.76,7.920684601e-57,1.300776596e-57,2.37098806
6.77,7.919180738e-57,1.315010283e-57,2.372704603
6.78,7.917653734e-57,1.329210358e-57,2.374417441
6.79,7.916103693e-57,1.343354279e-57,2.376124103
6.8,7.914533111e-57,1.357445218e-57,2.377825648
6.81,7.912926569e-57,1.371566461e-57,2.379523672
6.82,7.911310107e-57,1.385584797e-57,2.381216452
6.83,7.909671592e-57,1.399568987e-57,2.382905518
6.84,7.908000807e-57,1.413508267e-57,2.384589964
6.85,7.906316308e-57,1.427395408e-57,2.386268556
6.86,7.904612186e-57,1.441254886e-57,2.387943935
6.87,7.902889833e-57,1.455074387e-57,2.389614644
6.88,7.901149901e-57,1.468815919e-57,2.391276509
6.89,7.899393855e-57,1.482501637e-57,2.392931835
6.9,7.897618388e-57,1.496125354e-57,2.39457847
6.91,7.895820118e-57,1.509680902e-57,2.396214402
6.92,7.894013613e-57,1.523143059e-57,2.397844445
6.93,7.892189378e-57,1.536562408e-57,2.399469639
6.94,7.890346496e-57,1.549929993e-57,2.40108913
6.95,7.888484714e-57,1.563272018e-57,2.402705789
6.96,7.88660386e-57,1.576590235e-57,2.404319835
6.97,7.88470383e-57,1.589851235e-57,2.405927707
6.98,7.882793655e-57,1.60309204e-57,2.407533199
6.99,7.880855758e-57,1.616312802e-57,2.409136691
7,7.878898773e-57,1.629479746e-57,2.410734388
7.01,7.876896756e-57,1.642608193e-57,2.412328407
7.02,7.874829159e-57,1.655693895e-57,2.413918678
7.03,7.87285488e-57,1.668720553e-57,2.415500517
7.04,7.870828225e-57,1.681682965e-57,2.417075984
7.05,7.868786125e-57,1.694587876e-57,2.418645077
7.06,7.866729834e-57,1.707412571e-57,2.420205294
7.07,7.864660071e-57,1.720173126e-57,2.421758302
7.08,7.862577494e-57,1.732870722e-57,2.423304192
7.09,7.860483118e-57,1.745480975e-57,2.424840318
7.1,7.858377515e-57,1.758005695e-57,2.426366856
7.11,7.85626016e-57,1.770475218e-57,2.427887086
7.12,7.854131415e-57,1.782851317e-57,2.42939698
7.13,7.851991104e-57,1.79515201e-57,2.430898487
7.14,7.849839607e-57,1.807386377e-57,2.432392554
7.15,7.847680354e-57,1.819476904e-57,2.433870758
7.16,7.845513643e-57,1.831509074e-57,2.435342068
7.17,7.843341875e-57,1.843465766e-57,2.436804483
7.18,7.841170416e-57,1.85525225e-57,2.43824763
7.19,7.83900144e-57,1.866907509e-57,2.439676624
7.2,7.836835514e-57,1.87844477e-57,2.441093153
7.21,7.834664146e-57,1.889910201e-57,2.442492115
7.22,7.832503355e-57,1.901190155e-57,2.443875963
7.23,7.830347124e-57,1.912355327e-57,2.445246149
7.24,7.828202292e-57,1.923330932e-57,2.446599282
7.25,7.82607066e-57,1.934119448e-57,2.447934373
7.26,7.823954696e-57,1.944710604e-57,2.449246961
7.27,7.821848905e-57,1.955212445e-57,2.450538725
7.28,7.819766638e-57,1.96550871e-57,2.451805848
7.29,7.817713831e-57,1.975550825e-57,2.453042814
7.3,7.815694512e-57,1.985338175e-57,2.454249242
7.31,7.813713758e-57,1.994826205e-57,2.455420135
7.32,7.811771676e-57,2.004040746e-57,2.456558221
7.33,7.809858925e-57,2.012992018e-57,2.457664885
7.34,7.807988865e-57,2.021644193e-57,2.458736551
7.35,7.806146334e-57,2.030080823e-57,2.45978268
7.36,7.804325214e-57,2.038337675e-57,2.460807591
7.37,7.8025233e-57,2.04640656e-57,2.461810717
7.38,7.800745642e-57,2.054340179e-57,2.462797763
7.39,7.798975224e-57,2.062097349e-57,2.463764286
7.4,7.797233201e-57,2.069689797e-57,2.464711011
7.41,7.795524115e-57,2.077077709e-57,2.465633071
7.42,7.793860079e-57,2.084189701e-57,2.466522052
7.43,7.792248738e-57,2.091041303e-57,2.467378826
7.44,7.790700927e-57,2.097560101e-57,2.468195021
7.45,7.789223069e-57,2.103733185e-57,2.468968753
7.46,7.787818259e-57,2.109568866e-57,2.469700618
7.47,7.786481216e-57,2.1150272e-57,2.470386349
7.48,7.785225722e-57,2.120138825e-57,2.471029357
7.49,7.784038594e-57,2.124919185e-57,2.471631764
7.5,7.782912531e-57,2.129391362e-57,2.472196683
7.51,7.781835097e-57,2.133620615e-57,2.472731994
7.52,7.78079349e-57,2.13765164e-57,2.473243527
7.53,7.779773074e-57,2.141568659e-57,2.473741272
7.54,7.778766079e-57,2.145384351e-57,2.474227304
7.55,7.777766703e-57,2.149133233e-57,2.474706042
7.56,7.776779361e-57,2.152820471e-57,2.475181523
7.57,7.775804283e-57,2.156477651e-57,2.475656437
7.58,7.77487825e-57,2.159951987e-57,2.476123265
7.59,7.773805854e-57,2.163934317e-57,2.476575194
7.6,7.77289822e-57,2.167328673e-57,2.477008026
7.61,7.7720448e-57,2.170506489e-57,2.477413518
7.62,7.77124691e-57,2.173458647e-57,2.477790427
7.63,7.77050811e-57,2.176202145e-57,2.478140546
7.64,7.769818596e-57,2.178756491e-57,2.478466627
7.65,7.769166909e-57,2.18117079e-57,2.47877477
7.66,7.768540619e-57,2.183492743e-57,2.479071026
7.67,7.767927657e-57,2.185770708e-57,2.479361472
7.68,7.767319343e-57,2.188029738e-57,2.479649498
7.69,7.766709294e-57,2.190298729e-57,2.479938649
7.7,7.766095619e-57,2.192585633e-57,2.480229912
7.71,7.765481207e-57,2.194874368e-57,2.480521383
7.72,7.764871159e-57,2.197148046e-57,2.480810852
7.73,7.764272079e-57,2.199381628e-57,2.481095147
7.74,7.763691136e-57,2.201549291e-57,2.481370958
7.75,7.763135562e-57,2.203623315e-57,2.481634785
7.76,7.762611318e-57,2.205581566e-57,2.481883814
7.77,7.762122143e-57,2.207415001e-57,2.482116768
7.78,7.761670541e-57,2.209108857e-57,2.482331925
7.79,7.761256017e-57,2.210665563e-57,2.482529584
7.8,7.76087597e-57,2.212101365e-57,2.482711862
7.81,7.760525951e-57,2.21342991e-57,2.482880196
7.82,7.760201318e-57,2.214668052e-57,2.483036701
7.83,7.759898647e-57,2.215825261e-57,2.48318317
7.84,7.759612652e-57,2.21693009e-57,2.483322315
7.85,7.759344028e-57,2.217977242e-57,2.48345416
7.86,7.759093399e-57,2.218961945e-57,2.483577932
7.87,7.758862709e-57,2.219881017e-57,2.483693118
7.88,7.758656374e-57,2.220714741e-57,2.483797302
7.89,7.758478918e-57,2.221446577e-57,2.483888377
7.9,7.758334201e-57,2.22206634e-57,2.483964936
7.91,7.758226574e-57,2.222553209e-57,2.484024461
7.92,7.758157564e-57,2.222898945e-57,2.484065853
7.93,7.758124126e-57,2.223107462e-57,2.484090061
7.94,7.758115828e-57,2.223217278e-57,2.484101865
7.95,7.758118952e-57,2.223293494e-57,2.484109283
7.96,7.758121328e-57,2.223377491e-57,2.484117427
7.97,7.758114621e-57,2.223495913e-57,2.484130057
7.98,7.758091875e-57,2.223676391e-57,2.484150122
7.99,7.758053008e-57,2.223915366e-57,2.48417792
8,7.757998943e-57,2.224209702e-57,2.484212784
8.01,7.757933445e-57,2.224549897e-57,2.484253519
8.02,7.757861749e-57,2.224911834e-57,2.484296917
8.03,7.757789943e-57,2.225269201e-57,2.484339868
8.04,7.757720991e-57,2.225618819e-57,2.484381464
8.05,7.757658192e-57,2.225946763e-57,2.484420123
8.06,7.757604332e-57,2.226238129e-57,2.484454664
8.07,7.757557583e-57,2.226502214e-57,2.484485759
8.08,7.757515685e-57,2.226750133e-57,2.48451475
8.09,7.757475996e-57,2.226992903e-57,2.484543001
8.1,7.757436366e-57,2.227236696e-57,2.484571348
8.11,7.757395107e-57,2.227486344e-57,2.484600443
8.12,7.757351026e-57,2.227745586e-57,2.484630782
8.13,7.757303565e-57,2.228017088e-57,2.484662686
8.14,7.757252901e-57,2.228300862e-57,2.484696138
8.15,7.757198931e-57,2.228599887e-57,2.484731102
8.16,7.757144746e-57,2.228899142e-57,2.484766454
8.17,7.757091137e-57,2.229194186e-57,2.484801327
8.18,7.757039146e-57,2.22948414e-57,2.484835527
8.19,7.756990711e-57,2.229763567e-57,2.484868683
8.2,7.756945767e-57,2.230025962e-57,2.484899418
8.21,7.756904786e-57,2.230272894e-57,2.484928207
8.22,7.756866885e-57,2.230510506e-57,2.484955753
8.23,7.756831479e-57,2.230738378e-57,2.484982075
8.24,7.756797688e-57,2.230960099e-57,2.485007618
8.25,7.756764739e-57,2.231180381e-57,2.485032932
8.26,7.7567326e-57,2.231396194e-57,2.485057717
8.27,7.756700489e-57,2.23161508e-57,2.485082806
8.28,7.75666868e-57,2.231829537e-57,2.485107422
8.29,7.756636138e-57,2.232052291e-57,2.485132939
8.3,7.756603639e-57,2.232271427e-57,2.48515809
8.31,7.756570648e-57,2.232494562e-57,2.48518369
8.32,7.756537562e-57,2.232715913e-57,2.485209121
8.33,7.756504124e-57,2.232939829e-57,2.485234843
8.34,7.756470536e-57,2.233163893e-57,2.485260594
8.35,7.756437138e-57,2.233383841e-57,2.485285915
8.36,7.756403248e-57,2.233609151e-57,2.48531182
8.37,7.756369591e-57,2.233829415e-57,2.485337198
8.38,7.756335977e-57,2.234047557e-57,2.485362359
8.39,7.756302782e-57,2.234260717e-57,2.485386981
8.4,7.756271873e-57,2.23444844e-57,2.485408835
8.41,7.75624266e-57,2.234621354e-57,2.485429039
8.42,7.75621283e-57,2.234808477e-57,2.485450721
8.43,7.756183578e-57,2.234991277e-57,2.485471914
8.44,7.756154953e-57,2.23516723e-57,2.485492361
8.45,7.756125524e-57,2.235353323e-57,2.4855139
8.46,7.756096319e-57,2.235534311e-57,2.485534906
8.47,7.756066996e-57,2.235714316e-57,2.485555826
8.48,7.756036763e-57,2.235903486e-57,2.485577751
8.49,7.756006689e-57,2.236089476e-57,2.485599345
8.5,7.755976388e-57,2.236278535e-57,2.485621265
8.51,7.75594647e-57,2.236464351e-57,2.485642824
8.52,7.755917245e-57,2.236642458e-57,2.485663544
8.53,7.755887726e-57,2.23682265e-57,2.485684499
8.54,7.755857451e-57,2.23700987e-57,2.485706233
8.55,7.755827161e-57,2.237195468e-57,2.485727806
8.56,7.755796881e-57,2.237380999e-57,2.485749369
8.57,7.755766796e-57,2.237568542e-57,2.485771114
8.58,7.755738e-57,2.237753638e-57,2.485792484
8.59,7.755711896e-57,2.237925776e-57,2.485812289
8.6,7.75568908e-57,2.238086773e-57,2.48583065
8.61,7.755670516e-57,2.23823222e-57,2.485847031
8.62,7.755655987e-57,2.238361184e-57,2.485861356
8.63,7.755644406e-57,2.238482793e-57,2.485874653
8.64,7.755635186e-57,2.23859411e-57,2.485886683
8.65,7.755627152e-57,2.238700752e-57,2.485898126
8.66,7.755619059e-57,2.238809138e-57,2.48590975
8.67,7.755610305e-57,2.238920359e-57,2.485921722
8.68,7.755600558e-57,2.239035834e-57,2.48593422
8.69,7.755589745e-57,2.239155035e-57,2.485947196
8.7,7.755578016e-57,2.239276495e-57,2.485960491
8.71,7.755565729e-57,2.239398854e-57,2.485973931
8.72,7.755553197e-57,2.239523906e-57,2.485987665
8.73,7.755541235e-57,2.239652242e-57,2.486001668
8.74,7.755532019e-57,2.239767204e-57,2.48601406
8.75,7.755526292e-57,2.239867716e-57,2.486024657
8.76,7.755524037e-57,2.239954678e-57,2.486033553
8.77,7.755524424e-57,2.240034749e-57,2.486041493
8.78,7.755527147e-57,2.240106425e-57,2.48604836
8.79,7.755531792e-57,2.240168519e-57,2.486054077
8.8,7.75553707e-57,2.240230913e-57,2.48605976
8.81,7.755542522e-57,2.240296005e-57,2.486065695
8.82,7.755548683e-57,2.240353242e-57,2.486070774
8.83,7.755554733e-57,2.240412512e-57,2.486076067
8.84,7.755561155e-57,2.240471942e-57,2.486081339
8.85,7.75556944e-57,2.240528657e-57,2.486086151
8.86,7.755582391e-57,2.240569646e-57,2.486088923
8.87,7.755602465e-57,2.240590605e-57,2.486088658
8.88,7.75563581e-57,2.240561194e-57,2.486082347
8.89,7.755684764e-57,2.240477961e-57,2.486069091
8.9,7.755752279e-57,2.240333579e-57,2.486047859
8.91,7.755842e-57,2.240104219e-57,2.486015908
8.92,7.755954065e-57,2.239799069e-57,2.485974138
8.93,7.756088812e-57,2.239413833e-57,2.485922087
8.94,7.756245695e-57,2.238946271e-57,2.485859586
8.95,7.756421802e-57,2.238414159e-57,2.4857887
8.96,7.756615509e-57,2.237823066e-57,2.485710149
8.97,7.756826963e-57,2.237175171e-57,2.485624134
8.98,7.757058228e-57,2.236456657e-57,2.485529068
8.99,7.757310398e-57,2.235663222e-57,2.485424409
9,7.757583202e-57,2.234797921e-57,2.485310487
9.01,7.757875717e-57,2.233861676e-57,2.485187487
9.02,7.75818682e-57,2.23285856e-57,2.485055927
9.03,7.758515666e-57,2.231797395e-57,2.48491677
9.04,7.758862696e-57,2.230671338e-57,2.484769287
9.05,7.759228429e-57,2.229478993e-57,2.484613286
9.06,7.759613941e-57,2.22821481e-57,2.484448099
9.07,7.76001887e-57,2.226886629e-57,2.484274545
9.08,7.760443097e-57,2.225487108e-57,2.4840919
9.09,7.760884706e-57,2.22402278e-57,2.483901008
9.1,7.761340764e-57,2.222505053e-57,2.483703301
9.11,7.761807942e-57,2.220948869e-57,2.483500607
9.12,7.76228338e-57,2.219365227e-57,2.483294313
9.13,7.762764875e-57,2.217757769e-57,2.483085004
9.14,7.76325006e-57,2.216140498e-57,2.482874318
9.15,7.763738577e-57,2.21451085e-57,2.482662035
9.16,7.764230945e-57,2.212867232e-57,2.482447941
9.17,7.764728701e-57,2.211204935e-57,2.482231412
9.18,7.765233626e-57,2.209515909e-57,2.482011459
9.19,7.765747457e-57,2.207789503e-57,2.481786841
9.2,7.766270592e-57,2.206026939e-57,2.481557638
9.21,7.766858204e-57,2.204258669e-57,2.48132544
9.22,7.767451511e-57,2.202443681e-57,2.481087643
9.23,7.768001677e-57,2.200575264e-57,2.480845029
9.24,7.768518243e-57,2.198677167e-57,2.480599971
9.25,7.769076007e-57,2.196772219e-57,2.480352868
9.26,7.769634242e-57,2.194857193e-57,2.480104674
9.27,7.770192302e-57,2.19293061e-57,2.479855305
9.28,7.770750218e-57,2.190998255e-57,2.479605338
9.29,7.77130993e-57,2.189054214e-57,2.479353983
9.3,7.771874261e-57,2.187093803e-57,2.479100486
9.31,7.772446897e-57,2.18509861e-57,2.478842626
9.32,7.7730307e-57,2.183058216e-57,2.478579069
9.33,7.773627549e-57,2.180968598e-57,2.478309218
9.34,7.774238543e-57,2.178825399e-57,2.478032522
9.35,7.774864151e-57,2.176619504e-57,2.477748015
9.36,7.775502641e-57,2.174355306e-57,2.477456309
9.37,7.776150758e-57,2.172044911e-57,2.477158943
9.38,7.776805029e-57,2.169698898e-57,2.476857327
9.39,7.777463723e-57,2.167302164e-57,2.476550112
9.4,7.7781242e-57,2.16486351e-57,2.476238445
9.41,7.778783253e-57,2.162410877e-57,2.475925456
9.42,7.779442028e-57,2.15991879e-57,2.475608464
9.43,7.780102405e-57,2.157368445e-57,2.475285382
9.44,7.780762422e-57,2.154807316e-57,2.474961185
9.45,7.781424783e-57,2.152208764e-57,2.474632918
9.46,7.782091764e-57,2.149552424e-57,2.474298293
9.47,7.782763824e-57,2.146841571e-57,2.473957591
9.48,7.783442312e-57,2.144060259e-57,2.473609063
9.49,7.784127402e-57,2.14120664e-57,2.473252497
9.5,7.784817202e-57,2.1383092e-57,2.472890954
9.51,7.785511481e-57,2.135363258e-57,2.472523978
9.52,7.786209705e-57,2.132365604e-57,2.472151294
9.53,7.786911244e-57,2.129315124e-57,2.471772848
9.54,7.787615209e-57,2.12622143e-57,2.471389695
9.55,7.788319895e-57,2.123107714e-57,2.471004346
9.56,7.789025625e-57,2.119962307e-57,2.470615587
9.57,7.789733709e-57,2.11676332e-57,2.470221066
9.58,7.790444392e-57,2.113512909e-57,2.469820979
9.59,7.791156411e-57,2.110237498e-57,2.469418111
9.6,7.791872881e-57,2.106889121e-57,2.469007293
9.61,7.792592633e-57,2.103497253e-57,2.468591621
9.62,7.793316109e-57,2.100057726e-57,2.468170625
9.63,7.794044236e-57,2.096558153e-57,2.467742948
9.64,7.794776147e-57,2.093011853e-57,2.467310024
9.65,7.795513128e-57,2.089389891e-57,2.466868779
9.66,7.796253427e-57,2.085720866e-57,2.466422285
9.67,7.796996355e-57,2.082012756e-57,2.465971415
9.68,7.797743935e-57,2.078225455e-57,2.465511885
9.69,7.798494841e-57,2.074383596e-57,2.465046324
9.7,7.799248184e-57,2.070501547e-57,2.464576275
9.71,7.800007089e-57,2.06652238e-57,2.464095626
9.72,7.800770085e-57,2.062480588e-57,2.463608023
9.73,7.80153583e-57,2.058401859e-57,2.463116211
9.74,7.802306581e-57,2.054241673e-57,2.46261542
9.75,7.803080836e-57,2.050032013e-57,2.462109051
9.76,7.803859097e-57,2.045757777e-57,2.461595506
9.77,7.804642445e-57,2.041399462e-57,2.461072678
9.78,7.805427409e-57,2.037021672e-57,2.460547498
9.79,7.806215921e-57,2.032576292e-57,2.460014856
9.8,7.807007608e-57,2.02807538e-57,2.45947601
9.81,7.80780183e-57,2.023536968e-57,2.458932861
9.82,7.808600525e-57,2.018934658e-57,2.45838251
9.83,7.809403857e-57,2.014286562e-57,2.457826783
9.84,7.810213105e-57,2.009594354e-57,2.45726572
9.85,7.811031203e-57,2.004836716e-57,2.456696836
9.86,7.811860602e-57,1.999999321e-57,2.456118408
9.87,7.812702142e-57,1.995095702e-57,2.45553173
9.88,7.813557384e-57,1.990098863e-57,2.454933863
9.89,7.814425421e-57,1.985018509e-57,2.45432588
9.9,7.815304096e-57,1.979878615e-57,2.453710447
9.91,7.816193305e-57,1.974657171e-57,2.453085299
9.92,7.81709194e-57,1.969366236e-57,2.452451774
9.93,7.817999439e-57,1.964006303e-57,2.451809966
9.94,7.818915661e-57,1.958566283e-57,2.451158737
9.95,7.819838299e-57,1.953073584e-57,2.450501124
9.96,7.820766219e-57,1.9475142e-57,2.449835788
9.97,7.821696767e-57,1.941914975e-57,2.44916575
9.98,7.822627675e-57,1.936297945e-57,2.448493502
9.99,7.823559667e-57,1.930631555e-57,2.44781571
10,7.824492344e-57,1.924931332e-57,2.447134008
10.01,7.825428931e-57,1.91918108e-57,2.446446567
10.02,7.826364128e-57,1.913383781e-57,2.445753869
10.03,7.827299465e-57,1.90757724e-57,2.44505984
10.04,7.828237078e-57,1.901710984e-57,2.444359035
10.05,7.829177756e-57,1.895780135e-57,2.443650858
10.06,7.830119803e-57,1.889831096e-57,2.442940281
10.07,7.831063311e-57,1.88383652e-57,2.44222445
10.08,7.832007137e-57,1.87780562e-57,2.441504427
10.09,7.832949414e-57,1.871763214e-57,2.44078297
10.1,7.833889481e-57,1.865699465e-57,2.44005912
10.11,7.834826533e-57,1.859621501e-57,2.439333693
10.12,7.835759949e-57,1.853537724e-57,2.438607622
10.13,7.836689603e-57,1.847447714e-57,2.437880876
10.14,7.837615806e-57,1.841339685e-57,2.437152193
10.15,7.838538635e-57,1.83521365e-57,2.436421561
10.16,7.839457837e-57,1.829079242e-57,2.43569001
10.17,7.840373507e-57,1.82293861e-57,2.434957751
10.18,7.841286022e-57,1.816798222e-57,2.434225423
10.19,7.842196712e-57,1.81064163e-57,2.433491172
10.2,7.843106766e-57,1.804472244e-57,2.432755234
10.21,7.844017769e-57,1.798268839e-57,2.432015225
10.22,7.844930727e-57,1.792032605e-57,2.431271164
10.23,7.845845834e-57,1.785785051e-57,2.430525281
10.24,7.846764133e-57,1.77948201e-57,2.429772833
10.25,7.847684784e-57,1.773146907e-57,2.429016352
10.26,7.848606283e-57,1.766796197e-57,2.428257711
10.27,7.849527447e-57,1.760403898e-57,2.42749429
10.28,7.850445547e-57,1.754014748e-57,2.42673106
10.29,7.85135853e-57,1.747631383e-57,2.425968502
10.3,7.852265402e-57,1.741243955e-57,2.425205677
10.31,7.853165434e-57,1.734865387e-57,2.424444019
10.32,7.854058716e-57,1.728497265e-57,2.423683688
10.33,7.854946683e-57,1.722140503e-57,2.422924641
10.34,7.85583218e-57,1.715769782e-57,2.422163922
10.35,7.856715616e-57,1.709375809e-57,2.42139958
10.36,7.857605477e-57,1.702939156e-57,2.42063108
10.37,7.858497746e-57,1.696457663e-57,2.419856624
10.38,7.859394117e-57,1.689928946e-57,2.419076299
10.39,7.860293709e-57,1.683358103e-57,2.418290721
10.4,7.861194866e-57,1.676750711e-57,2.417500638
10.41,7.862095194e-57,1.670118965e-57,2.416707573
10.42,7.862992439e-57,1.663469277e-57,2.415912424
10.43,7.863884935e-57,1.656830645e-57,2.415118435
10.44,7.864772162e-57,1.650199677e-57,2.4143253
10.45,7.865654579e-57,1.643549388e-57,2.413530099
10.46,7.86653274e-57,1.636905553e-57,2.412735522
10.47,7.867407332e-57,1.630246071e-57,2.411939143
10.48,7.868279274e-57,1.623561697e-57,2.411139881
10.49,7.869149458e-57,1.616880069e-57,2.410340596
10.5,7.870018688e-57,1.610163877e-57,2.409537219
10.51,7.870887622e-57,1.603416052e-57,2.408729992
10.52,7.871756292e-57,1.596649789e-57,2.407920317
10.53,7.872624229e-57,1.589845977e-57,2.407106187
10.54,7.873490837e-57,1.583012945e-57,2.406288546
10.55,7.874355289e-57,1.576161448e-57,2.405468623
10.56,7.875216982e-57,1.569284392e-57,2.404645709
10.57,7.876075899e-57,1.562383494e-57,2.403819986
10.58,7.876932146e-57,1.555455924e-57,2.402991132
10.59,7.877785487e-57,1.548496998e-57,2.402158661
10.6,7.878633194e-57,1.541514066e-57,2.401323517
10.61,7.87948314e-57,1.534520509e-57,2.40048681
10.62,7.880320417e-57,1.527520637e-57,2.399649769
10.63,7.881158074e-57,1.52052007e-57,2.398812401
10.64,7.881979198e-57,1.513517299e-57,2.397975373
10.65,7.882800369e-57,1.506515557e-57,2.397138211
10.66,7.883611964e-57,1.499500156e-57,2.396299789
10.67,7.884421995e-57,1.492494075e-57,2.395462159
10.68,7.885227148e-57,1.48548475e-57,2.394624112
10.69,7.886030085e-57,1.478444878e-57,2.39378254
10.7,7.886829118e-57,1.47139191e-57,2.392939379
10.71,7.887621741e-57,1.46431699e-57,2.392093797
10.72,7.888410253e-57,1.457220886e-57,2.391245759
10.73,7.889194708e-57,1.450120256e-57,2.390397067
10.74,7.889974313e-57,1.442993462e-57,2.389545441
10.75,7.890749266e-57,1.435857142e-57,2.388692667
10.76,7.891519425e-57,1.428721314e-57,2.387839849
10.77,7.892283837e-57,1.421557558e-57,2.386983979
10.78,7.893043174e-57,1.414401477e-57,2.386128871
10.79,7.893796885e-57,1.407240237e-57,2.385273178
10.8,7.894544567e-57,1.400066921e-57,2.384416028
10.81,7.895312114e-57,1.392790697e-57,2.383559184
10.82,7.896049557e-57,1.385611197e-57,2.382701356
10.83,7.896781267e-57,1.378397337e-57,2.381839749
10.84,7.897508191e-57,1.371179763e-57,2.380977624
10.85,7.898230284e-57,1.363949459e-57,2.380113994
10.86,7.898922302e-57,1.356688169e-57,2.379247481
10.87,7.899611717e-57,1.349406298e-57,2.37837842
10.88,7.900322791e-57,1.342097687e-57,2.377505468
10.89,7.901031282e-57,1.334766941e-57,2.376629732
10.9,7.901737353e-57,1.327425641e-57,2.375752465
10.91,7.902440136e-57,1.320050886e-57,2.374871224
10.92,7.903139471e-57,1.312646377e-57,2.373986425
10.93,7.903834994e-57,1.305226463e-57,2.37309968
10.94,7.904525208e-57,1.297783912e-57,2.37221033
10.95,7.905209998e-57,1.29034505e-57,2.371321292
10.96,7.905887898e-57,1.282901567e-57,2.370431734
10.97,7.906558279e-57,1.275451621e-57,2.369541491
10.98,7.907225676e-57,1.268008303e-57,2.368653405
10.99,7.907882823e-57,1.260567206e-57,2.367764306
11,7.908533355e-57,1.253116671e-57,2.366874176
11.01,7.909189762e-57,1.245624262e-57,2.365984267
11.02,7.909829171e-57,1.23816113e-57,2.365092557
11.03,7.910464082e-57,1.230683373e-57,2.364199026
11.04,7.911094596e-57,1.223186195e-57,2.363303125
11.05,7.911720385e-57,1.215667419e-57,2.362404637
11.06,7.912341411e-57,1.20813779e-57,2.361504759
11.07,7.912956838e-57,1.200598185e-57,2.360603666
11.08,7.913566168e-57,1.193054915e-57,2.359702109
11.09,7.914168904e-57,1.185507713e-57,2.358800105
11.1,7.914764762e-57,1.177953292e-57,2.357897311
11.11,7.915354253e-57,1.170394991e-57,2.35699405
11.12,7.91593761e-57,1.162829448e-57,2.35608992
11.13,7.916515818e-57,1.155262296e-57,2.355185456
11.14,7.917088159e-57,1.147679852e-57,2.35427914
11.15,7.917646718e-57,1.140071364e-57,2.353370003
11.16,7.918204953e-57,1.13245096e-57,2.352459145
11.17,7.918749489e-57,1.124804745e-57,2.351545469
11.18,7.919286753e-57,1.117143674e-57,2.35062997
11.19,7.919875144e-57,1.109476665e-57,2.349711828
11.2,7.920418515e-57,1.101788141e-57,2.348792426
11.21,7.920956235e-57,1.094100891e-57,2.347873036
11.22,7.921487478e-57,1.086400505e-57,2.34695211
11.23,7.922013044e-57,1.07868722e-57,2.346029593
11.24,7.922573946e-57,1.070970116e-57,2.345105085
11.25,7.923090208e-57,1.063219781e-57,2.344177906
11.26,7.923602272e-57,1.055445384e-57,2.343247714
11.27,7.924109423e-57,1.047642127e-57,2.342314026
11.28,7.924611113e-57,1.039819422e-57,2.341377956
11.29,7.925106956e-57,1.03198575e-57,2.340440741
11.3,7.925595289e-57,1.024151972e-57,2.339503447
11.31,7.92607676e-57,1.016327481e-57,2.338567504
11.32,7.926548819e-57,1.008514435e-57,2.337632563
11.33,7.927012993e-57,1.000693909e-57,2.336697271
11.34,7.927467497e-57,9.928862135e-58,2.335762696
11.35,7.927916613e-57,9.850821959e-58,2.334828913
11.36,7.92835596e-57,9.772712655e-58,2.333893598
11.37,7.92879404e-57,9.694328682e-58,2.332957038
11.38,7.929224996e-57,9.616002212e-58,2.332020458
11.39,7.929646693e-57,9.537519541e-58,2.33108136
11.4,7.930062316e-57,9.458966285e-58,2.330141264
11.41,7.930472006e-57,9.380338188e-58,2.329200231
11.42,7.930874402e-57,9.30152006e-58,2.328256997
11.43,7.931270632e-57,9.222678991e-58,2.327313367
11.44,7.931659777e-57,9.143759104e-58,2.326368786
11.45,7.932041368e-57,9.064748071e-58,2.325423154
11.46,7.932415409e-57,8.985778619e-58,2.324477958
11.47,7.932781232e-57,8.906678281e-58,2.323531337
11.48,7.933140592e-57,8.82767102e-58,2.322585691
11.49,7.933494378e-57,8.748772002e-58,2.321641135
11.5,7.933837711e-57,8.669600469e-58,2.320693626
11.51,7.934175525e-57,8.590432801e-58,2.319745994
11.52,7.934508631e-57,8.511318748e-58,2.318798745
11.53,7.93483179e-57,8.431830276e-58,2.317847328
11.54,7.935151105e-57,8.352367208e-58,2.316895891
11.55,7.93546517e-57,8.272811815e-58,2.315943186
11.56,7.935770475e-57,8.192908638e-58,2.314986509
11.57,7.936067793e-57,8.113007561e-58,2.314029709
11.58,7.936362535e-57,8.033039499e-58,2.313071793
11.59,7.93664939e-57,7.952756295e-58,2.31211022
11.6,7.936928544e-57,7.872411818e-58,2.311147807
11.61,7.937201261e-57,7.791981296e-58,2.310184242
11.62,7.937465967e-57,7.711343478e-58,2.309218258
11.63,7.937724046e-57,7.630694904e-58,2.30825201
11.64,7.93797417e-57,7.549979691e-58,2.307284972
11.65,7.938216276e-57,7.469245953e-58,2.306317709
11.66,7.938451134e-57,7.388600024e-58,2.305351392
11.67,7.938677594e-57,7.307908122e-58,2.304384564
11.68,7.938896403e-57,7.227192181e-58,2.30341741
11.69,7.939107798e-57,7.14642938e-58,2.302449636
11.7,7.939310414e-57,7.065471173e-58,2.301479554
11.71,7.939515664e-57,6.984113784e-58,2.300509592
11.72,7.939706325e-57,6.903093457e-58,2.299538426
11.73,7.939887473e-57,6.821685988e-58,2.298562825
11.74,7.940062847e-57,6.740274697e-58,2.297586943
11.75,7.940231962e-57,6.658909947e-58,2.29661142
11.76,7.940376223e-57,6.57730005e-58,2.295633525
11.77,7.940531863e-57,6.495859271e-58,2.294657089
11.78,7.9406764e-57,6.414646226e-58,2.293683292
11.79,7.940809823e-57,6.333298536e-58,2.292708166
11.8,7.940936626e-57,6.252184875e-58,2.291735645
11.81,7.941055871e-57,6.171203065e-58,2.290764615
11.82,7.94116524e-57,6.090099357e-58,2.289792286
11.83,7.941268702e-57,6.00916573e-58,2.288821745
11.84,7.941359596e-57,5.928361719e-58,2.287850482
11.85,7.941446435e-57,5.847322347e-58,2.286878681
11.86,7.94152907e-57,5.766324825e-58,2.285908128
11.87,7.941607037e-57,5.685014623e-58,2.28493617
11.88,7.941671228e-57,5.603893972e-58,2.283963159
11.89,7.941728799e-57,5.522798377e-58,2.282990276
11.9,7.941777931e-57,5.441607582e-58,2.282016257
11.91,7.941818766e-57,5.360365068e-58,2.281041606
11.92,7.941853134e-57,5.27925497e-58,2.280068349
11.93,7.941880131e-57,5.198216757e-58,2.27909585
11.94,7.941898573e-57,5.117124207e-58,2.278122709
11.95,7.941911741e-57,5.036157268e-58,2.277150773
11.96,7.941918934e-57,4.955220083e-58,2.276178961
11.97,7.941918462e-57,4.874162725e-58,2.27520563
11.98,7.941913712e-57,4.79325708e-58,2.274233725
11.99,7.941902426e-57,4.712533863e-58,2.2732637
12,7.941880599e-57,4.631675654e-58,2.272292171
12.01,7.941847105e-57,4.550931463e-58,2.271321963
12.02,7.941800905e-57,4.470356589e-58,2.270353761
12.03,7.941755736e-57,4.389866072e-58,2.269386269
12.04,7.941709738e-57,4.309590744e-58,2.268420993
12.05,7.941615697e-57,4.229412675e-58,2.267457892
12.06,7.941576551e-57,4.149417371e-58,2.266495097
12.07,7.941516816e-57,4.069688847e-58,2.265535565
12.08,7.941517552e-57,3.99018149e-58,2.26457653
12.09,7.941396503e-57,3.910414283e-58,2.263617613
12.1,7.941321484e-57,3.831089872e-58,2.262661968
12.11,7.941240823e-57,3.751771694e-58,2.261706156
12.12,7.94115195e-57,3.672284799e-58,2.260748288
12.13,7.941060121e-57,3.593001476e-58,2.259792397
12.14,7.94096621e-57,3.51395765e-58,2.258839043
12.15,7.94086546e-57,3.434873706e-58,2.257884873
12.16,7.940758248e-57,3.355684211e-58,2.256929254
12.17,7.940647424e-57,3.276525177e-58,2.25597376
12.18,7.940529863e-57,3.197328008e-58,2.255017239
12.19,7.940405268e-57,3.117910557e-58,2.254058567
12.2,7.940272967e-57,3.03850169e-58,2.253099507
12.21,7.940135196e-57,2.959185745e-58,2.252141637
12.22,7.939992355e-57,2.879981326e-58,2.251185498
12.23,7.93984106e-57,2.800862687e-58,2.250230207
12.24,7.939678708e-57,2.721932051e-58,2.249275835
12.25,7.939516129e-57,2.642914794e-58,2.24832305
12.26,7.93934328e-57,2.564062977e-58,2.247371073
12.27,7.939166145e-57,2.485418027e-58,2.246421448
12.28,7.938979774e-57,2.406937646e-58,2.245472641
12.29,7.938786859e-57,2.328534917e-58,2.244524632
12.3,7.938592788e-57,2.250539425e-58,2.243580992
12.31,7.938389782e-57,2.172484843e-58,2.242636694
12.32,7.938178878e-57,2.094418619e-58,2.241692227
12.33,7.937969642e-57,2.016875502e-58,2.240753341
12.34,7.937754008e-57,1.939432549e-58,2.239815512
12.35,7.937529812e-57,1.861921791e-58,2.238876888
12.36,7.937304222e-57,1.784734642e-58,2.237941694
12.37,7.937070444e-57,1.70761666e-58,2.237007291
12.38,7.936830655e-57,1.630565825e-58,2.236073577
12.39,7.936587084e-57,1.553706284e-58,2.235141895
12.4,7.936335521e-57,1.476825161e-58,2.234209955
12.41,7.936076451e-57,1.400015315e-58,2.233278797
12.42,7.935818791e-57,1.323571031e-58,2.232351468
12.43,7.935553609e-57,1.247297574e-58,2.231426087
12.44,7.935282716e-57,1.171043196e-58,2.23050083
12.45,7.935005777e-57,1.09514242e-58,2.229579574
12.46,7.934728624e-57,1.019409303e-58,2.228659965
12.47,7.934439133e-57,9.438120642e-59,2.227742129
12.48,7.934147175e-57,8.685529203e-59,2.226828014
12.49,7.933853416e-57,7.933816298e-59,2.225914701
12.5,7.933556101e-57,7.184581956e-59,2.225004109
12.51,7.933257508e-57,6.441055091e-59,2.224099916
12.52,7.932959959e-57,5.701088751e-59,2.223199565
12.53,7.932658859e-57,4.963908076e-59,2.222302349
12.54,7.932358029e-57,4.231381538e-59,2.221410271
12.55,7.932053774e-57,3.501363192e-59,2.220520985
12.56,7.931744136e-57,2.772575206e-59,2.21963307
12.57,7.931434921e-57,2.048042039e-59,2.218749804
12.58,7.93112526e-57,1.327446478e-59,2.217870879
12.59,7.930814405e-57,6.105310154e-60,2.216995895
12.6,7.93051086e-57,-1.08401281e-60,2.216124796
12.61,7.930194595e-57,-8.20455939e-60,2.215255306
12.62,7.929873646e-57,-1.531227232e-59,2.214387228
12.63,7.929550737e-57,-2.239377804e-59,2.21352201
12.64,7.929225834e-57,-2.944993497e-59,2.212659554
12.65,7.928894932e-57,-3.650168408e-59,2.211797581
12.66,7.928558544e-57,-4.354736205e-59,2.210936257
12.67,7.928154619e-57,-5.057296832e-59,2.210078236
12.68,7.928188477e-57,-5.750150057e-59,2.209223386
12.69,7.927627767e-57,-6.451081194e-59,2.208369771
12.7,7.92728062e-57,-7.146459834e-59,2.207518592
12.71,7.926933673e-57,-7.837976893e-59,2.206671693
12.72,7.926581224e-57,-8.528487935e-59,2.205825969
12.73,7.926227251e-57,-9.216124243e-59,2.20498344
12.74,7.925876996e-57,-9.898264863e-59,2.204146978
12.75,7.925519499e-57,-1.058027517e-58,2.20331075
12.76,7.925163437e-57,-1.125814204e-58,2.202479089
12.77,7.924814228e-57,-1.193319101e-58,2.201652955
12.78,7.924455342e-57,-1.260559951e-58,2.200827365
12.79,7.924092598e-57,-1.327069016e-58,2.200006091
12.8,7.923736117e-57,-1.393576436e-58,2.199188528
12.81,7.923375805e-57,-1.459958085e-58,2.198372361
12.82,7.923010622e-57,-1.525163495e-58,2.197562461
12.83,7.922656777e-57,-1.59059893e-58,2.196756734
12.84,7.92229572e-57,-1.655946876e-58,2.195951471
12.85,7.921960149e-57,-1.721868101e-58,2.195152531
12.86,7.921616448e-57,-1.78682097e-58,2.194358138
12.87,7.921228052e-57,-1.84962697e-58,2.193563762
12.88,7.920875509e-57,-1.913418478e-58,2.192776361
12.89,7.920450646e-57,-1.972317442e-58,2.191995086
12.9,7.920096928e-57,-2.035545197e-58,2.191214048
12.91,7.919745444e-57,-2.098365531e-58,2.190437551
12.92,7.919396531e-57,-2.160757435e-58,2.189665848
12.93,7.919039413e-57,-2.22322073e-58,2.188893469
12.94,7.9186842e-57,-2.28531289e-58,2.188125216
12.95,7.918336466e-57,-2.346777279e-58,2.187363912
12.96,7.917982031e-57,-2.408254786e-58,2.186602563
12.97,7.917629968e-57,-2.469352912e-58,2.18584543
12.98,7.917289239e-57,-2.529659746e-58,2.185097047
12.99,7.916947309e-57,-2.589728193e-58,2.184351412
13,7.916623408e-57,-2.649375458e-58,2.18361018
13.01,7.916319428e-57,-2.708350897e-58,2.182876204
13.02,7.915985923e-57,-2.767129934e-58,2.182145192
13.03,7.915657284e-57,-2.825386131e-58,2.181420078
13.04,7.91533687e-57,-2.882986262e-58,2.180702321
13.05,7.915019006e-57,-2.940192636e-58,2.179989035
13.06,7.914705338e-57,-2.996949151e-58,2.179280813
13.07,7.914396811e-57,-3.053223177e-58,2.178578004
13.08,7.914091854e-57,-3.109099314e-58,2.17787966
13.09,7.913789971e-57,-3.164618914e-58,2.177185296
13.1,7.913491357e-57,-3.219783402e-58,2.176494884
13.11,7.913201762e-57,-3.274344582e-58,2.175811156
13.12,7.912921282e-57,-3.328285281e-58,2.17513434
13.13,7.912641669e-57,-3.381947871e-58,2.174460716
13.14,7.912365148e-57,-3.435231393e-58,2.17379141
13.15,7.91209735e-57,-3.487894348e-58,2.173129081
13.16,7.911833889e-57,-3.540163963e-58,2.172471485
13.17,7.911575665e-57,-3.591921368e-58,2.171819469
13.18,7.911326583e-57,-3.643020943e-58,2.171174918
13.19,7.911083244e-57,-3.693558059e-58,2.170536897
13.2,7.910845136e-57,-3.743501397e-58,2.16990587
13.21,7.910611605e-57,-3.79278652e-58,2.169282747
13.22,7.910379983e-57,-3.84140096e-58,2.168667934
13.23,7.910151103e-57,-3.88918111e-58,2.168063509
13.24,7.909927393e-57,-3.935946544e-58,2.167471635
13.25,7.909707747e-57,-3.981654649e-58,2.166892617
13.26,7.909494687e-57,-4.026298567e-58,2.166327073
13.27,7.90928686e-57,-4.069906922e-58,2.165774398
13.28,7.909082969e-57,-4.112567461e-58,2.165233571
13.29,7.908882782e-57,-4.154314753e-58,2.164704174
13.3,7.908683754e-57,-4.195231991e-58,2.16418535
13.31,7.908488891e-57,-4.235171527e-58,2.163678786
13.32,7.908299308e-57,-4.274097248e-58,2.163184874
13.33,7.908117005e-57,-4.311974459e-58,2.162703911
13.34,7.907941971e-57,-4.348858504e-58,2.162235187
13.35,7.907771052e-57,-4.384954193e-58,2.161776298
13.36,7.907601951e-57,-4.420439847e-58,2.16132511
13.37,7.907436507e-57,-4.455309281e-58,2.160881554
13.38,7.907272095e-57,-4.489687305e-58,2.160444225
13.39,7.907106651e-57,-4.523637976e-58,2.160012462
13.4,7.906942522e-57,-4.556990619e-58,2.159588312
13.41,7.906783213e-57,-4.589502323e-58,2.159174676
13.42,7.906628795e-57,-4.621108289e-58,2.158772408
13.43,7.906478757e-57,-4.651852313e-58,2.158380987
13.44,7.90633268e-57,-4.681851952e-58,2.157998912
13.45,7.906190501e-57,-4.711267784e-58,2.157624082
13.46,7.906047857e-57,-4.740426376e-58,2.157252579
13.47,7.90590327e-57,-4.769502526e-58,2.156882229
13.48,7.905757384e-57,-4.798500868e-58,2.156512918
13.49,7.90560929e-57,-4.827393131e-58,2.156145095
13.5,7.905462097e-57,-4.855921032e-58,2.155781899
13.51,7.905317891e-57,-4.883845192e-58,2.15542631
13.52,7.905177765e-57,-4.910975261e-58,2.155080751
13.53,7.905044326e-57,-4.93710616e-58,2.154747709
13.54,7.904918502e-57,-4.962171751e-58,2.154427988
13.55,7.904796841e-57,-4.98633217e-58,2.154119777
13.56,7.904681226e-57,-5.009571097e-58,2.153823141
13.57,7.90457136e-57,-5.031994267e-58,2.153536717
13.58,7.904465969e-57,-5.053785509e-58,2.153258194
13.59,7.904362637e-57,-5.07517856e-58,2.152984698
13.6,7.904257625e-57,-5.096421351e-58,2.152713276
13.61,7.904153649e-57,-5.117459341e-58,2.152444418
13.62,7.904050663e-57,-5.138288525e-58,2.152178183
13.63,7.903947583e-57,-5.158918909e-58,2.151914533
13.64,7.903843808e-57,-5.179278906e-58,2.151654394
13.65,7.903745673e-57,-5.199221163e-58,2.151399343
13.66,7.903647187e-57,-5.218811903e-58,2.151148825
13.67,7.903551135e-57,-5.238047443e-58,2.150902823
13.68,7.903457149e-57,-5.256829549e-58,2.150662572
13.69,7.903367348e-57,-5.275056338e-58,2.150429293
13.7,7.903280569e-57,-5.292665659e-58,2.150203883
13.71,7.903198821e-57,-5.30951751e-58,2.149988083
13.72,7.903123679e-57,-5.325400762e-58,2.149784418
13.73,7.903056089e-57,-5.34038899e-58,2.149591952
13.74,7.902992194e-57,-5.354665569e-58,2.149408561
13.75,7.902933388e-57,-5.368241237e-58,2.149233989
13.76,7.902878701e-57,-5.381217183e-58,2.149066983
13.77,7.902826354e-57,-5.39369892e-58,2.148906299
13.78,7.902776485e-57,-5.405678697e-58,2.14875203
13.79,7.902730818e-57,-5.417067661e-58,2.148605209
13.8,7.902690115e-57,-5.427828869e-58,2.148466264
13.81,7.902652264e-57,-5.438070555e-58,2.14833394
13.82,7.902617879e-57,-5.44782325e-58,2.148207785
13.83,7.902587103e-57,-5.457144527e-58,2.148087027
13.84,7.90255966e-57,-5.466102582e-58,2.147970788
13.85,7.902532488e-57,-5.474831919e-58,2.147857544
13.86,7.902506656e-57,-5.483281154e-58,2.147747888
13.87,7.902484109e-57,-5.491329872e-58,2.14764325
13.88,7.902462082e-57,-5.498932438e-58,2.147544397
13.89,7.902444502e-57,-5.505927693e-58,2.147453275
13.9,7.902431714e-57,-5.512025314e-58,2.147373523
13.91,7.902429699e-57,-5.517101933e-58,2.147306527
13.92,7.902434579e-57,-5.521141887e-58,2.147252641
13.93,7.902450422e-57,-5.524092794e-58,2.147212254
13.94,7.902470804e-57,-5.526333458e-58,2.14718089
13.95,7.90249284e-57,-5.528145849e-58,2.147155058
13.96,7.902518858e-57,-5.529605845e-58,2.147133559
13.97,7.90254543e-57,-5.530975559e-58,2.147113208
13.98,7.902569184e-57,-5.532476831e-58,2.147091352
13.99,7.902591021e-57,-5.534111384e-58,2.147067891
14,7.902612114e-57,-5.535803922e-58,2.147043724
14.01,7.902631132e-57,-5.537519164e-58,2.14701943
14.02,7.902652333e-57,-5.538983775e-58,2.146998272
14.03,7.902677581e-57,-5.540005953e-58,2.146982634
14.04,7.902706772e-57,-5.540492592e-58,2.146973757
14.05,7.902740474e-57,-5.540355273e-58,2.146972764
14.06,7.902778602e-57,-5.539551135e-58,2.14698023
14.07,7.902823316e-57,-5.538004139e-58,2.14699698
14.08,7.902875669e-57,-5.535764521e-58,2.147022262
14.09,7.902928974e-57,-5.533232336e-58,2.147051337
14.1,7.902981821e-57,-5.530626627e-58,2.147081423
14.11,7.903035668e-57,-5.528031829e-58,2.14711128
14.12,7.903086463e-57,-5.525695438e-58,2.14713797
14.13,7.903134442e-57,-5.52365551e-58,2.14716097
14.14,7.903179622e-57,-5.521899304e-58,2.147180448
14.15,7.903222958e-57,-5.520339737e-58,2.147197477
14.16,7.903266341e-57,-5.518832702e-58,2.147213806
14.17,7.903313476e-57,-5.517166702e-58,2.147231926
14.18,7.903365739e-57,-5.515232141e-58,2.147253172
14.19,7.903421474e-57,-5.513061623e-58,2.147277251
14.2,7.903478809e-57,-5.510720106e-58,2.14730346
14.21,7.903539474e-57,-5.508153372e-58,2.14733237
14.22,7.903605725e-57,-5.50530101e-58,2.147364594
14.23,7.903673691e-57,-5.502347207e-58,2.147398016
14.24,7.903739065e-57,-5.499494847e-58,2.147430311
14.25,7.903805695e-57,-5.496623365e-58,2.147462753
14.26,7.903873753e-57,-5.493734356e-58,2.147495307
14.27,7.903939299e-57,-5.490978352e-58,2.14752631
14.28,7.904004036e-57,-5.48828282e-58,2.147556579
14.29,7.904070467e-57,-5.485536897e-58,2.147587372
14.3,7.904137843e-57,-5.482756574e-58,2.147618541
14.31,7.904203838e-57,-5.480022044e-58,2.147649218
14.32,7.904269307e-57,-5.477295868e-58,2.147679828
14.33,7.904335859e-57,-5.474511022e-58,2.147711122
14.34,7.904401354e-57,-5.471745224e-58,2.147742252
14.35,7.904468296e-57,-5.468910212e-58,2.147774176
14.36,7.90453517e-57,-5.466067919e-58,2.1478062
14.37,7.904602341e-57,-5.463213021e-58,2.147838366
14.38,7.904670311e-57,-5.460333912e-58,2.147870784
14.39,7.904736873e-57,-5.457517546e-58,2.147902489
14.4,7.904802745e-57,-5.454738112e-58,2.147933762
14.41,7.904868958e-57,-5.451950029e-58,2.147965119
14.42,7.904936035e-57,-5.449130372e-58,2.147996822
14.43,7.905002757e-57,-5.446326174e-58,2.148028348
14.44,7.905067843e-57,-5.44358136e-58,2.148059225
14.45,7.905134844e-57,-5.440756578e-58,2.148090998
14.46,7.905201769e-57,-5.437920006e-58,2.148122933
14.47,7.905268422e-57,-5.435081054e-58,2.148154921
14.48,7.905336022e-57,-5.432193264e-58,2.148187475
14.49,7.905404446e-57,-5.42926514e-58,2.148220492
14.5,7.905470451e-57,-5.426422139e-58,2.148252584
14.51,7.905536829e-57,-5.423557751e-58,2.148284927
14.52,7.905603783e-57,-5.420658262e-58,2.148317685
14.53,7.905672073e-57,-5.417696682e-58,2.148351151
14.54,7.905739944e-57,-5.414742706e-58,2.148384551
14.55,7.905807189e-57,-5.411809549e-58,2.148417727
14.56,7.905875987e-57,-5.408822241e-58,2.148451488
14.57,7.905943346e-57,-5.405898116e-58,2.148484532
14.58,7.906008932e-57,-5.403047433e-58,2.148516753
14.59,7.906076643e-57,-5.400117582e-58,2.148549841
14.6,7.906144122e-57,-5.397191584e-58,2.148582897
14.61,7.906210328e-57,-5.394311525e-58,2.148615451
14.62,7.906277275e-57,-5.391401392e-58,2.14864834
14.63,7.906344351e-57,-5.388483458e-58,2.148681319
14.64,7.906410642e-57,-5.385596133e-58,2.148713959
14.65,7.906476023e-57,-5.38274694e-58,2.148746169
14.66,7.906542472e-57,-5.379861128e-58,2.148778774
14.67,7.9066088e-57,-5.376983526e-58,2.148811278
14.68,7.906673792e-57,-5.374158499e-58,2.148843199
14.69,7.906740194e-57,-5.371282767e-58,2.148875671
14.7,7.906806563e-57,-5.368409555e-58,2.148908111
14.71,7.906871215e-57,-5.365603086e-58,2.148939811
14.72,7.906935643e-57,-5.36279851e-58,2.148971504
14.73,7.907002374e-57,-5.359894931e-58,2.149004312
14.74,7.907068114e-57,-5.357019664e-58,2.149036828
14.75,7.90713169e-57,-5.354231288e-58,2.149068375
14.76,7.907181965e-57,-5.351974312e-58,2.149094007
14.77,7.907199173e-57,-5.351245474e-58,2.149102525
14.78,7.907193821e-57,-5.350878264e-58,2.149106942
14.79,7.907215075e-57,-5.349693037e-58,2.149120143
14.8,7.907073866e-57,-5.348294525e-58,2.149137878
14.81,7.907484491e-57,-5.346555265e-58,2.149152568
14.82,7.907513089e-57,-5.345288405e-58,2.149166923
14.83,7.907540127e-57,-5.343994893e-58,2.149181759
14.84,7.907569087e-57,-5.342562192e-58,2.149198274
14.85,7.907602953e-57,-5.34089564e-58,2.149217469
14.86,7.907636238e-57,-5.339232875e-58,2.149236662
14.87,7.907668248e-57,-5.337632116e-58,2.149255142
14.88,7.907700505e-57,-5.336051912e-58,2.14927333
14.89,7.907732766e-57,-5.334506292e-58,2.14929106
14.9,7.907764206e-57,-5.333027217e-58,2.149307979
14.91,7.907794447e-57,-5.331617886e-58,2.149324077
14.92,7.907825119e-57,-5.330201218e-58,2.149340235
14.93,7.907856392e-57,-5.328756362e-58,2.149356716
14.94,7.907886948e-57,-5.327326202e-58,2.149373061
14.95,7.90791768e-57,-5.325871963e-58,2.14938971
14.96,7.907949268e-57,-5.324367948e-58,2.149406945
14.97,7.907980291e-57,-5.322869728e-58,2.14942415
14.98,7.908012581e-57,-5.321316262e-58,2.149441979
14.99,7.908044005e-57,-5.319794146e-58,2.149459465
15,7.908075401e-57,-5.318277942e-58,2.149476876
15.01,7.908106842e-57,-5.316764935e-58,2.14949424
15.02,7.908137912e-57,-5.315268465e-58,2.149511417
15.03,7.908169937e-57,-5.313740881e-58,2.149528924
15.04,7.908200522e-57,-5.312271228e-58,2.149545786
15.05,7.908231072e-57,-5.310803529e-58,2.149562625
15.06,7.908262609e-57,-5.30929641e-58,2.149579902
15.07,7.908293713e-57,-5.307803424e-58,2.149597029
15.08,7.90832384e-57,-5.306344422e-58,2.149613787
15.09,7.908354732e-57,-5.304851568e-58,2.149630929
15.1,7.908386582e-57,-5.303317524e-58,2.149648534
15.11,7.908417784e-57,-5.301805166e-58,2.149665907
15.12,7.908449268e-57,-5.300282593e-58,2.149683391
15.13,7.908480186e-57,-5.298779949e-58,2.149700658
15.14,7.908511775e-57,-5.297254546e-58,2.14971817
15.15,7.908543019e-57,-5.29574506e-58,2.1497355
15.16,7.908573327e-57,-5.294271667e-58,2.149752431
15.17,7.908604608e-57,-5.292760646e-58,2.149769779
15.18,7.908639172e-57,-5.291541877e-58,2.149787154
15.19,7.908666828e-57,-5.289708754e-58,2.149804501
15.2,7.908700257e-57,-5.288340716e-58,2.149821963
15.21,7.908726324e-57,-5.286509403e-58,2.149838744
15.22,7.908752797e-57,-5.284635193e-58,2.149855764
15.23,7.908784027e-57,-5.283123264e-58,2.149873003
15.24,7.908815538e-57,-5.281611035e-58,2.149890344
15.25,7.908840636e-57,-5.279627565e-58,2.149907386
15.26,7.908871029e-57,-5.278149277e-58,2.149924371
15.27,7.908896995e-57,-5.276068867e-58,2.149942073
15.28,7.908928783e-57,-5.274533373e-58,2.149959697
15.29,7.908959685e-57,-5.273037592e-58,2.14997687
15.3,7.908990408e-57,-5.271555408e-58,2.149993878
15.31,7.909012995e-57,-5.269363988e-58,2.150010808
15.32,7.909043429e-57,-5.267888667e-58,2.150027749
15.33,7.909075193e-57,-5.266354458e-58,2.150045356
15.34,7.909107445e-57,-5.26480058e-58,2.150063182
15.35,7.909137897e-57,-5.263318966e-58,2.150080204
15.36,7.909169454e-57,-5.261801345e-58,2.150097609
15.37,7.909201382e-57,-5.260276056e-58,2.150115083
15.38,7.909229617e-57,-5.258896925e-58,2.150130936
15.39,7.909258532e-57,-5.257497089e-58,2.150147005
15.4,7.909288765e-57,-5.25604844e-58,2.150163609
15.41,7.909318366e-57,-5.254625177e-58,2.150179929
15.42,7.90934774e-57,-5.253211294e-58,2.150196145
15.43,7.909378152e-57,-5.251754668e-58,2.150212838
15.44,7.909409369e-57,-5.250268e-58,2.15022986
15.45,7.909439441e-57,-5.248834427e-58,2.150246277
15.46,7.909469432e-57,-5.247421047e-58,2.150262433
15.47,7.909498835e-57,-5.246052157e-58,2.150278051
15.48,7.909528096e-57,-5.244717665e-58,2.150293227
15.49,7.909558426e-57,-5.243375379e-58,2.150308417
15.5,7.909589612e-57,-5.242025714e-58,2.150323632
15.51,7.909620593e-57,-5.240697389e-58,2.150338583
15.52,7.909651515e-57,-5.239376602e-58,2.15035344
15.53,7.909682859e-57,-5.238041419e-58,2.15036845
15.54,7.9097136e-57,-5.236732033e-58,2.150383171
15.55,7.909743955e-57,-5.235441111e-58,2.150397679
15.56,7.909775699e-57,-5.23410319e-58,2.150412692
15.57,7.909807512e-57,-5.232771657e-58,2.150427615
15.58,7.909837766e-57,-5.231505388e-58,2.150441806
15.59,7.909867624e-57,-5.23025195e-58,2.150455861
15.6,7.909898265e-57,-5.228957614e-58,2.15047039
15.61,7.909930961e-57,-5.227570919e-58,2.150485966
15.62,7.909963812e-57,-5.226161273e-58,2.150501832
15.63,7.909997717e-57,-5.224691955e-58,2.150518397
15.64,7.910032861e-57,-5.223153348e-58,2.150535773
15.65,7.910068579e-57,-5.221575377e-58,2.15055362
15.66,7.910103981e-57,-5.219997382e-58,2.150571494
15.67,7.910139373e-57,-5.218399544e-58,2.150589629
15.68,7.910175042e-57,-5.216734112e-58,2.150608633
15.69,7.910211641e-57,-5.21493619e-58,2.150629307
15.7,7.910250401e-57,-5.212940431e-58,2.15065241
15.71,7.910290746e-57,-5.210770664e-58,2.150677676
15.72,7.910331632e-57,-5.208480409e-58,2.150704486
15.73,7.910374004e-57,-5.206047891e-58,2.150733048
15.74,7.910417124e-57,-5.203510366e-58,2.150762931
15.75,7.910459779e-57,-5.200925386e-58,2.150793478
15.76,7.910502349e-57,-5.19829459e-58,2.150824636
15.77,7.910545413e-57,-5.195614225e-58,2.150856405
15.78,7.910589006e-57,-5.192905728e-58,2.1508885
15.79,7.910632738e-57,-5.190205493e-58,2.150920474
15.8,7.910675469e-57,-5.187570917e-58,2.150951664
15.81,7.910717856e-57,-5.184980088e-58,2.150982305
15.82,7.91075845e-57,-5.182469718e-58,2.151012033
15.83,7.910799235e-57,-5.179935663e-58,2.151042057
15.84,7.910840813e-57,-5.177299078e-58,2.151073366
15.85,7.910882259e-57,-5.174496588e-58,2.151106872
15.86,7.910926414e-57,-5.171301509e-58,2.151145329
15.87,7.910928362e-57,-5.16329684e-58,2.151191237
15.88,7.910979492e-57,-5.15883663e-58,2.151245848
15.89,7.911038099e-57,-5.153361667e-58,2.151313242
15.9,7.911106777e-57,-5.146668662e-58,2.151395867
15.91,7.911183141e-57,-5.138789269e-58,2.151493507
15.92,7.911348588e-57,-5.136937601e-58,2.151606917
15.93,7.911442126e-57,-5.126543772e-58,2.151736125
15.94,7.911542609e-57,-5.114957004e-58,2.151880461
15.95,7.911650277e-57,-5.102136889e-58,2.152040434
15.96,7.911766542e-57,-5.087973052e-58,2.152217375
15.97,7.911891107e-57,-5.072374321e-58,2.152412503
15.98,7.912027812e-57,-5.055116212e-58,2.152628446
15.99,7.912175229e-57,-5.036218568e-58,2.152865053
16,7.91233197e-57,-5.015745948e-58,2.153121577
16.01,7.912499087e-57,-4.993710586e-58,2.15339776
16.02,7.912676197e-57,-4.970214722e-58,2.153692274
16.03,7.912857678e-57,-4.945514351e-58,2.154002208
16.04,7.913046415e-57,-4.919506076e-58,2.154328672
16.05,7.913245686e-57,-4.892098809e-58,2.154672578
16.06,7.913451534e-57,-4.863534168e-58,2.155031065
16.07,7.91366216e-57,-4.833996259e-58,2.155401852
16.08,7.913877475e-57,-4.803546713e-58,2.155784127
16.09,7.914095001e-57,-4.772269209e-58,2.156176988
16.1,7.914316894e-57,-4.740044285e-58,2.156581814
16.11,7.914543898e-57,-4.706804002e-58,2.156999427
16.12,7.914777362e-57,-4.672487997e-58,2.157430492
16.13,7.915016609e-57,-4.63715248e-58,2.157874318
16.14,7.915259742e-57,-4.600902461e-58,2.158329672
16.15,7.915509409e-57,-4.563659822e-58,2.158797346
16.16,7.915767963e-57,-4.525370474e-58,2.159277839
16.17,7.916040328e-57,-4.485913906e-58,2.159772302
16.18,7.916327404e-57,-4.445377974e-58,2.160279491
16.19,7.917032111e-57,-4.403367746e-58,2.160798973
16.2,7.917348991e-57,-4.361074835e-58,2.161326193
16.21,7.917676131e-57,-4.318299384e-58,2.161858646
16.22,7.918010576e-57,-4.275189402e-58,2.162394638
16.23,7.918350802e-57,-4.231752956e-58,2.162934185
16.24,7.918700022e-57,-4.187730253e-58,2.163480405
16.25,7.919058523e-57,-4.142930135e-58,2.164035764
16.26,7.919430504e-57,-4.096909944e-58,2.164604451
16.27,7.919816633e-57,-4.049800273e-58,2.165187134
16.28,7.920215084e-57,-4.001562198e-58,2.165783229
16.29,7.920627533e-57,-3.952198366e-58,2.166392538
16.3,7.921044815e-57,-3.902170031e-58,2.167009801
16.31,7.921462335e-57,-3.851762067e-58,2.167631681
16.32,7.921888704e-57,-3.80068761e-58,2.168261179
16.33,7.922319387e-57,-3.749150935e-58,2.168896006
16.34,7.922751283e-57,-3.697284497e-58,2.169534692
16.35,7.923188613e-57,-3.644901026e-58,2.170179308
16.36,7.923628961e-57,-3.592057167e-58,2.170829313
16.37,7.924073727e-57,-3.538631604e-58,2.171486154
16.38,7.924527093e-57,-3.484381781e-58,2.172152617
16.39,7.924984255e-57,-3.429470726e-58,2.172826976
16.4,7.925448899e-57,-3.373741678e-58,2.173510938
16.41,7.925922251e-57,-3.317174126e-58,2.174204646
16.42,7.926399604e-57,-3.260036565e-58,2.174905003
16.43,7.926887768e-57,-3.202099838e-58,2.175614385
16.44,7.927380845e-57,-3.143617006e-58,2.17633
16.45,7.927873177e-57,-3.084812289e-58,2.177049416
16.46,7.928374644e-57,-3.025220073e-58,2.177777805
16.47,7.928884169e-57,-2.964817946e-58,2.178515533
16.48,7.929400001e-57,-2.903617684e-58,2.179262576
16.49,7.929927303e-57,-2.841337814e-58,2.180022112
16.5,7.930470139e-57,-2.777990776e-58,2.180794017
16.51,7.931015621e-57,-2.713693768e-58,2.181577032
16.52,7.931571569e-57,-2.648404921e-58,2.182371417
16.53,7.932136818e-57,-2.582263245e-58,2.183175454
16.54,7.93270952e-57,-2.515436676e-58,2.18398712
16.55,7.933292629e-57,-2.447847212e-58,2.184807144
16.56,7.933882674e-57,-2.379646819e-58,2.185633853
16.57,7.934477092e-57,-2.310923414e-58,2.18646632
16.58,7.935078699e-57,-2.241513259e-58,2.187306392
16.59,7.935681743e-57,-2.17163667e-58,2.188151719
16.6,7.936287378e-57,-2.101217898e-58,2.18900316
16.61,7.936903959e-57,-2.029848724e-58,2.189865215
16.62,7.937525592e-57,-1.95775816e-58,2.190735432
16.63,7.938149714e-57,-1.885056075e-58,2.191612606
16.64,7.938783257e-57,-1.811417642e-58,2.192500277
16.65,7.939414543e-57,-1.737379747e-58,2.193392565
16.66,7.940049493e-57,-1.662689726e-58,2.194292176
16.67,7.940689314e-57,-1.587290595e-58,2.195199714
16.68,7.941325126e-57,-1.511596134e-58,2.19611065
16.69,7.941962889e-57,-1.435338236e-58,2.197027878
16.7,7.942603199e-57,-1.358477885e-58,2.197951827
16.71,7.943242634e-57,-1.281164714e-58,2.198880872
16.72,7.943879382e-57,-1.203481406e-58,2.199814106
16.73,7.944516665e-57,-1.125275384e-58,2.20075318
16.74,7.945150939e-57,-1.046714542e-58,2.201696253
16.75,7.945780035e-57,-9.679290166e-59,2.202641853
16.76,7.946408631e-57,-8.887217513e-59,2.203592067
16.77,7.94703402e-57,-8.092404128e-59,2.204545247
16.78,7.947657228e-57,-7.294417369e-59,2.205501843
16.79,7.948282963e-57,-6.49140421e-59,2.206464438
16.8,7.948904096e-57,-5.684302063e-59,2.207429667
16.81,7.949519331e-57,-4.876603688e-59,2.208396843
16.82,7.950138839e-57,-4.061738661e-59,2.20937186
16.83,7.950755627e-57,-3.242986984e-59,2.210351213
16.84,7.951363524e-57,-2.42305077e-59,2.211331953
16.85,7.951971232e-57,-1.59778057e-59,2.212318577
16.86,7.952577538e-57,-7.688767445e-60,2.213309228
16.87,7.953170724e-57,5.936155959e-61,2.214299184
16.88,7.953762939e-57,8.920487414e-60,2.215293968
16.89,7.954351081e-57,1.727656269e-59,2.216291914
16.9,7.954927234e-57,2.562672913e-59,2.217289181
16.91,7.955507211e-57,3.403969527e-59,2.218293243
16.92,7.956084847e-57,4.249417958e-59,2.219301834
16.93,7.956651281e-57,5.09434841e-59,2.220309874
16.94,7.957215679e-57,5.943549828e-59,2.221322552
16.95,7.957773346e-57,6.794698058e-59,2.222337362
16.96,7.958323053e-57,7.647039053e-59,2.223353467
16.97,7.958871126e-57,8.503971737e-59,2.224374548
16.98,7.95941139e-57,9.362246286e-59,2.225397098
16.99,7.959933802e-57,1.022846772e-58,2.226421021
17,7.960462591e-57,1.109171409e-58,2.227448938
17.01,7.960982929e-57,1.195614771e-58,2.228478165
17.02,7.961497964e-57,1.282348431e-58,2.229510556
17.03,7.96201785e-57,1.369542586e-58,2.23054785
17.04,7.96265022e-57,1.457094289e-58,2.231587163
17.05,7.963150489e-57,1.544865195e-58,2.232630899
17.06,7.963645848e-57,1.633000188e-58,2.233678635
17.07,7.964131984e-57,1.721257023e-58,2.234727743
17.08,7.964614823e-57,1.809974523e-58,2.235781886
17.09,7.965094746e-57,1.89919626e-58,2.236841555
17.1,7.965566987e-57,1.988659227e-58,2.237903909
17.11,7.966039715e-57,2.078558811e-58,2.238972828
17.12,7.966506137e-57,2.169138913e-58,2.240047232
17.13,7.966967781e-57,2.259383216e-58,2.241122779
17.14,7.96742268e-57,2.35022815e-58,2.242203051
17.15,7.967866131e-57,2.441535068e-58,2.24328571
17.16,7.968299707e-57,2.5329412e-58,2.244369453
17.17,7.968729205e-57,2.624796534e-58,2.245458057
17.18,7.969150045e-57,2.716837503e-58,2.246548686
17.19,7.969561061e-57,2.808980427e-58,2.247640413
17.2,7.969964594e-57,2.901485754e-58,2.248736071
17.21,7.970363112e-57,2.994293378e-58,2.249834982
17.22,7.970751715e-57,3.087230248e-58,2.250935318
17.23,7.971142063e-57,3.180601242e-58,2.252040307
17.24,7.971508729e-57,3.274352075e-58,2.253149696
17.25,7.971862185e-57,3.368296913e-58,2.254261313
17.26,7.972218731e-57,3.462455524e-58,2.255375168
17.27,7.972565749e-57,3.556911085e-58,2.256492298
17.28,7.972901122e-57,3.651654421e-58,2.257612629
17.29,7.973246875e-57,3.746613856e-58,2.258735112
17.3,7.973568338e-57,3.841719775e-58,2.259859353
17.31,7.973879611e-57,3.936947493e-58,2.260984901
17.32,7.974182908e-57,4.032435562e-58,2.262113234
17.33,7.974476732e-57,4.128086946e-58,2.263243305
17.34,7.974761546e-57,4.223935863e-58,2.264375481
17.35,7.975037212e-57,4.319983985e-58,2.265509789
17.36,7.975302674e-57,4.416171715e-58,2.266645601
17.37,7.975559706e-57,4.512631379e-58,2.267784349
17.38,7.975805539e-57,4.609179447e-58,2.268924063
17.39,7.976039797e-57,4.705810389e-58,2.270064457
17.4,7.976264171e-57,4.802589287e-58,2.271206651
17.41,7.976477533e-57,4.899545804e-58,2.272350158
17.42,7.976679575e-57,4.996478849e-58,2.273494004
17.43,7.976872568e-57,5.093631014e-58,2.274640183
17.44,7.977053476e-57,5.190881476e-58,2.275786625
17.45,7.977224538e-57,5.288104729e-58,2.27693412
17.46,7.977384527e-57,5.385662794e-58,2.278083213
17.47,7.9775328e-57,5.483209236e-58,2.279232411
17.48,7.977673141e-57,5.580810333e-58,2.280384203
17.49,7.977802361e-57,5.678575471e-58,2.281537347
17.5,7.977919496e-57,5.776449884e-58,2.282691195
17.51,7.978027333e-57,5.874570577e-58,2.283847727
17.52,7.978123938e-57,5.972865408e-58,2.285006185
17.53,7.978208083e-57,6.071168482e-58,2.286164786
17.54,7.978281333e-57,6.169742398e-58,2.287326357
17.55,7.978345934e-57,6.268517155e-58,2.288490137
17.56,7.978396956e-57,6.367283841e-58,2.289653867
17.57,7.978438469e-57,6.466265711e-58,2.290819931
17.58,7.978470011e-57,6.565492242e-58,2.291988663
17.59,7.978488712e-57,6.664761408e-58,2.293157894
17.6,7.978493083e-57,6.764087104e-58,2.29432777
17.61,7.978488832e-57,6.863732062e-58,2.295501105
