#Exudyn implicit second order time integration sensor output file
#measure Node number = 1
#OutputVariableType = Rotation
#simulation started = 2024-10-23,21:26:56
#columns contain: time, comma separated sensor values (e.g, x,y,z position coordinates)
#number of sensor values = 3
#Exudyn version = 1.9.0; Python3.11.8; Windows AVX2 FLOAT64
#
0,-7.770092963e-22,2.258184521e-21,0.2501513699
0.05,-7.770086597e-22,2.258184983e-21,0.2501513699
0.1,-7.770079722e-22,2.258185483e-21,0.2501513699
0.15,-7.770073315e-22,2.258185948e-21,0.2501513699
0.2,-7.770067527e-22,2.258186369e-21,0.2501513699
0.25,-7.770062452e-22,2.258186737e-21,0.2501513699
0.3,-7.7700581e-22,2.258187053e-21,0.2501513699
0.35,-7.770054455e-22,2.258187318e-21,0.2501513699
0.4,-7.770051513e-22,2.258187532e-21,0.2501513699
0.45,-7.770049302e-22,2.258187693e-21,0.2501513699
0.5,3.086298577e-19,1.068210541e-19,0.2500622304
0.55,4.325710314e-19,5.443623106e-19,0.2450191876
0.6,2.079780594e-19,1.809011921e-19,0.2354200498
0.65,-6.59772642e-20,1.578091795e-19,0.2276699851
0.7,-4.95626669e-21,1.719177486e-19,0.2193564245
0.75,-7.429761394e-21,1.599600967e-19,0.2109860702
0.8,-1.400799982e-20,1.545959247e-19,0.2028221209
0.85,-2.078306105e-20,1.491637866e-19,0.1944698614
0.9,8.426586146e-19,1.384907921e-19,0.1862218089
0.95,7.887016619e-19,1.123856661e-19,0.1779193546
1,7.7469803e-19,1.078702276e-19,0.1696214536
1.05,7.440421433e-19,1.31653287e-19,0.161317841
1.1,7.361037441e-19,1.261261084e-19,0.1529991975
1.15,7.276140573e-19,1.160031673e-19,0.144676723
1.2,7.199176743e-19,1.113581454e-19,0.1363414434
1.25,7.122549999e-19,1.068166954e-19,0.1280791555
1.3,7.105079262e-19,1.057931809e-19,0.1262009811
1.35,7.122939019e-19,1.068395273e-19,0.128120982
1.4,7.110132423e-19,1.060887625e-19,0.1267439988
1.45,7.11480825e-19,1.063626004e-19,0.1272466219
1.5,7.117322848e-19,1.065099972e-19,0.1275169867
1.55,7.111056393e-19,1.06142849e-19,0.1268433075
1.6,7.117333342e-19,1.065106123e-19,0.1275181146
1.65,-1.314767826e-18,1.6233406e-18,0.1270961936
1.7,-1.51037376e-18,8.961490043e-19,0.1272058135
1.75,-1.33914932e-18,-1.8471501e-18,0.1273343728
1.8,-1.376696228e-18,-8.229874434e-19,0.1271075053
1.85,-1.319069944e-18,-1.680059314e-18,0.1273111015
1.9,-1.31938747e-18,-1.679686713e-18,0.1271942083
1.95,-1.319315141e-18,-1.679771596e-18,0.1272208369
2,-1.318971128e-18,-1.680175246e-18,0.1273474745
2.05,-1.621370295e-18,-1.637127797e-18,0.1321943023
2.1,7.629377139e-19,-1.286296235e-18,0.1416477035
2.15,8.584029792e-19,-1.311420652e-18,0.1491602178
2.2,9.601041042e-19,-1.450288002e-18,0.1574580509
2.25,9.803552578e-19,-1.467849629e-18,0.1655728126
2.3,1.000625131e-18,-1.485142157e-18,0.1736387532
2.35,1.021259623e-18,-1.502458674e-18,0.1817936724
2.4,1.041856684e-18,-1.519460564e-18,0.189878929
2.45,1.062663946e-18,-1.536354513e-18,0.1979927215
2.5,1.083583155e-18,-1.553069282e-18,0.2060997161
2.55,1.818801689e-17,2.081637676e-18,0.2141991375
2.6,1.821693949e-17,2.197602445e-18,0.2223065594
2.65,1.824471469e-17,2.313908843e-18,0.2304066078
2.7,1.827167049e-17,2.431827979e-18,0.2385121326
2.75,1.829766615e-17,2.549945678e-18,0.2466165569
2.8,1.832271122e-17,2.668306476e-18,0.2547234655
2.85,1.861897394e-17,2.697755774e-18,0.2628322164
2.9,1.86544248e-17,2.857608054e-18,0.2709437135
2.95,1.847606104e-17,3.201147873e-18,0.2790584985
3,1.785615057e-17,3.87145462e-18,0.2871787135
3.05,1.670657857e-17,4.054813299e-18,0.2948289205
3.1,1.671843299e-17,4.196448972e-18,0.3032873896
3.15,1.674100616e-17,4.328615567e-18,0.3112445154
3.2,1.677206683e-17,4.443953928e-18,0.3194454795
3.25,1.679220445e-17,4.568272299e-18,0.3275760612
3.3,1.650224739e-17,4.950220415e-18,0.3357179666
3.35,1.651796264e-17,4.85474905e-18,0.3438847486
3.4,1.651201115e-17,4.89632807e-18,0.3520421287
3.45,1.65227805e-17,5.136579246e-18,0.3602189641
3.5,1.649889051e-17,5.310049863e-18,0.3683998694
3.55,1.645595725e-17,5.453204017e-18,0.376591905
3.6,1.646535406e-17,5.553923431e-18,0.3847943164
3.65,1.649692159e-17,5.681184091e-18,0.3930069806
3.7,1.646376515e-17,5.845506009e-18,0.401231803
3.75,1.650030171e-17,6.027331858e-18,0.4094679545
3.8,1.645736192e-17,6.169189185e-18,0.4177171588
3.85,1.640783801e-17,6.295597109e-18,0.4259795462
3.9,1.635961207e-17,6.424326591e-18,0.4342553859
3.95,1.63108787e-17,6.552435202e-18,0.4425459807
4,1.624315955e-17,6.674601418e-18,0.4508516047
4.05,1.619662736e-17,6.79880138e-18,0.4591724807
4.1,1.615484514e-17,6.930603629e-18,0.467510058
4.15,1.611268019e-17,7.062150289e-18,0.475864395
4.2,1.606433459e-17,7.194162066e-18,0.4842359571
4.25,1.601572268e-17,7.324872988e-18,0.4925563783
4.3,1.600181367e-17,7.361671808e-18,0.4949034952
4.35,1.601462808e-17,7.327779813e-18,0.4927417071
4.4,1.600803587e-17,7.345242726e-18,0.4938553517
4.45,1.600749769e-17,7.34666583e-18,0.4939461265
4.5,1.601209984e-17,7.334484188e-18,0.493169203
4.55,1.600742566e-17,7.346856328e-18,0.4939582779
4.6,1.600976601e-17,7.340665316e-18,0.4935633959
4.65,1.600996313e-17,7.34014353e-18,0.4935301173
4.7,1.600838418e-17,7.344321607e-18,0.4937965983
4.75,1.600993733e-17,7.340211838e-18,0.4935344738
4.8,1.600916719e-17,7.342250103e-18,0.4936644727
4.85,1.600912484e-17,7.34236216e-18,0.4936716199
4.9,1.600958156e-17,7.341153521e-18,0.4935945331
4.95,1.600911842e-17,7.342379141e-18,0.4936727031
5,1.600989739e-17,7.340317444e-18,0.4935412092
5.05,1.732648671e-17,7.924986802e-18,0.488306298
5.1,1.645670314e-17,8.022144769e-18,0.4784203742
5.15,1.640860998e-17,8.3556449e-18,0.4704966615
5.2,1.648943005e-17,8.137370843e-18,0.462161245
5.25,1.63312459e-17,7.965302578e-18,0.4536398467
5.3,1.638500921e-17,7.851014e-18,0.445411311
5.35,1.6438961e-17,7.733807321e-18,0.4370049406
5.4,1.649133631e-17,7.61747503e-18,0.4286929764
5.45,1.654280873e-17,7.500560133e-18,0.4203702623
5.5,1.659779124e-17,7.394617282e-18,0.4120459485
5.55,1.703685861e-17,1.030672666e-17,0.4043002263
5.6,1.697694652e-17,1.005940083e-17,0.3956343717
5.65,1.718397892e-17,9.951153525e-18,0.3874881905
5.7,1.750309476e-17,9.900949262e-18,0.3791669923
5.75,1.774890664e-17,1.065440883e-17,0.3708656612
5.8,1.912526459e-17,1.049312131e-17,0.3626094504
5.85,1.926617977e-17,1.035447538e-17,0.3543203789
5.9,1.952930581e-17,1.036445981e-17,0.3460595148
5.95,1.968746635e-17,1.016161883e-17,0.337793466
6,1.981742612e-17,1.002688884e-17,0.3295330494
6.05,1.994203275e-17,9.843558211e-18,0.321276079
6.1,2.007808807e-17,9.698820549e-18,0.3130196251
6.15,2.021289782e-17,9.553014573e-18,0.3047659952
6.2,2.034649488e-17,9.406106106e-18,0.2965126562
6.25,2.047885285e-17,9.258124908e-18,0.2882606992
6.3,2.060997942e-17,9.109063164e-18,0.2800091072
6.35,2.073987868e-17,8.95891619e-18,0.2717570598
6.4,2.086854101e-17,8.807694711e-18,0.263504594
6.45,2.099596906e-17,8.655394851e-18,0.255250953
6.5,2.112101215e-17,8.503426047e-18,0.2470712081
6.55,2.115167032e-17,8.465777393e-18,0.2450532038
6.6,2.112194538e-17,8.502283264e-18,0.2470098991
6.65,2.114146805e-17,8.478323471e-18,0.2457253156
6.7,2.113621262e-17,8.484779517e-18,0.2460713187
6.75,2.11302766e-17,8.492066201e-18,0.2464619556
6.8,2.114077746e-17,8.47917213e-18,0.2457707925
6.85,2.113173605e-17,8.490275252e-18,0.2463659318
6.9,2.113632039e-17,8.484647224e-18,0.2460642274
6.95,2.113618237e-17,8.484816725e-18,0.2460733128
7,2.113358613e-17,8.488004394e-18,0.2462441879
7.05,1.83577779e-17,6.099586431e-18,0.2457656513
7.1,1.880625156e-17,6.208962176e-18,0.2464978796
7.15,1.297360823e-17,4.253409402e-18,0.2458942813
7.2,2.093078462e-17,6.034133381e-18,0.2462042079
7.25,1.995315516e-17,5.878268901e-18,0.2461846843
7.3,2.022618359e-17,5.709990527e-18,0.2460270197
7.35,2.028997355e-17,5.840126419e-18,0.246222177
7.4,2.008523501e-17,5.681010605e-18,0.2460852149
7.45,2.006508453e-17,5.712263714e-18,0.2461347974
7.5,1.99440725e-17,5.745322412e-18,0.2462421287
7.55,1.986618511e-17,9.187622021e-18,0.2517371919
7.6,1.969260865e-17,1.497383479e-17,0.2609757528
7.65,1.950862169e-17,1.975908685e-17,0.2686183307
7.7,1.927048964e-17,2.489286119e-17,0.2768202915
7.75,1.899171651e-17,2.999968657e-17,0.2849825716
7.8,1.869668763e-17,3.502779713e-17,0.2930295362
7.85,1.83563721e-17,4.013075007e-17,0.3012104152
7.9,1.795351005e-17,4.518579117e-17,0.3093092444
7.95,1.75106687e-17,5.027295145e-17,0.3174586244
8,1.709363709e-17,5.535004384e-17,0.3255995819
8.05,1.52646682e-17,6.16898675e-17,0.3332663319
8.1,1.465423835e-17,6.696865886e-17,0.3417734231
8.15,1.403790653e-17,7.198260179e-17,0.3497496156
8.2,1.342793548e-17,7.70869795e-17,0.3579893609
8.25,1.273715389e-17,8.212260082e-17,0.366159112
8.3,1.205562096e-17,8.716814699e-17,0.3743361885
8.35,1.133306926e-17,9.22454976e-17,0.3825496477
8.4,1.057007776e-17,9.730874855e-17,0.390750152
8.45,9.763164652e-18,1.023804309e-16,0.3989747676
8.5,8.913734241e-18,1.074501511e-16,0.4072072577
8.55,8.021273745e-18,1.125200448e-16,0.4154516895
8.6,7.085405337e-18,1.175910956e-16,0.4237102799
8.65,6.106122069e-18,1.226621854e-16,0.4319818328
8.7,5.083110446e-18,1.277338193e-16,0.4402678043
8.75,4.016209745e-18,1.328056583e-16,0.4485682816
8.8,2.905096289e-18,1.378780967e-16,0.4568845616
8.85,1.749614491e-18,1.429506873e-16,0.4652165737
8.9,5.438358875e-19,1.480240177e-16,0.4735652682
8.95,-6.980835753e-19,1.530902422e-16,0.4819314784
9,-1.985895157e-18,1.581593557e-16,0.4903153233
9.05,-3.321396948e-18,1.632311829e-16,0.4987178169
9.1,-4.702500854e-18,1.683048245e-16,0.5071397525
9.15,-6.12849211e-18,1.733785485e-16,0.5155812054
9.2,-7.602117156e-18,1.784526096e-16,0.5240434862
9.25,-9.122308914e-18,1.835248006e-16,0.5325241362
9.3,-9.413472009e-18,1.040325982e-16,0.5415174849
9.35,-1.220615785e-17,1.08948997e-16,0.5497228194
9.4,-8.903307304e-18,1.151565473e-16,0.5583624464
9.45,-9.482091147e-18,1.205725133e-16,0.566918182
9.5,-9.82497481e-18,1.260430375e-16,0.5754246953
9.55,-1.000082193e-17,1.275720861e-16,0.5779441759
9.6,-9.833000896e-18,1.261451233e-16,0.575592087
9.65,-9.907747758e-18,1.268640389e-16,0.5767405237
9.7,-1.129658523e-17,1.263409387e-16,0.5769623245
9.75,6.858735597e-17,1.630248601e-16,0.5760086146
9.8,2.226785201e-16,2.650150111e-16,0.5768938481
9.85,2.352760041e-16,2.724432035e-16,0.5765221142
9.9,2.530753612e-16,2.832439082e-16,0.5763880837
9.95,3.286590271e-16,4.04968942e-16,0.5767500511
10,3.305171702e-16,4.075178541e-16,0.5764490343
